# Index	M_int	Con
0	4.770461e+11	1.949551e+01
1	2.578011e+11	3.370384e+01
2	2.881570e+11	4.667803e+01
3	4.719786e+11	1.389280e+01
4	3.096877e+11	7.654465e+01
5	3.955899e+11	6.070885e+01
6	2.134844e+11	1.337028e+01
7	2.598480e+11	6.288326e+01
8	1.796620e+11	2.228620e+01
9	2.167753e+11	3.528297e+01
10	1.754201e+11	2.255832e+01
11	4.469510e+11	4.825203e+01
12	3.245328e+11	3.874814e+01
13	3.654891e+11	3.217072e+01
14	2.699692e+11	1.901616e+01
15	1.303715e+11	6.893642e+00
16	3.798720e+11	2.694972e+01
17	2.195247e+11	1.025251e+01
18	1.890435e+11	4.055073e+01
19	3.575571e+11	3.170236e-03
20	3.694228e+11	2.036564e+01
21	2.395176e+11	3.763715e+01
22	4.425161e+11	2.438070e+00
23	3.926515e+11	3.883724e+01
24	2.665662e+11	3.062020e+00
25	1.962478e+11	3.633435e+01
26	3.410324e+11	3.085292e-03
27	2.954906e+11	6.541586e+01
28	3.143440e+11	8.317977e+00
29	5.067804e+11	8.787051e+00
30	2.666396e+11	5.655885e+01
31	1.781557e+11	1.707611e+01
32	3.400802e+11	1.200467e+01
33	2.617759e+11	4.209889e+01
34	2.972295e+11	2.284425e+00
35	2.986960e+11	3.366068e+01
36	3.636080e+11	1.080033e+01
37	4.063176e+11	1.754754e+01
38	4.188194e+11	3.868315e+01
39	4.882879e+11	2.701444e+01
40	2.517284e+11	5.549700e+01
41	3.522442e+11	2.959196e+01
42	3.810828e+11	4.102902e+01
43	1.536858e+11	2.213607e+00
44	4.309757e+11	3.308892e+01
45	4.459057e+11	3.622570e+01
46	2.191559e+11	1.290919e+01
47	4.522758e+11	5.189649e+01
48	1.720222e+11	1.003264e+01
49	3.868620e+11	6.132703e+01
50	2.854429e+11	2.030390e+01
51	4.804382e+11	2.042685e+01
52	2.836493e+11	7.281158e+00
53	2.397322e+11	1.634469e+01
54	4.144763e+11	1.212992e+01
55	1.663977e+11	1.516813e+01
56	3.786384e+11	7.739159e+00
57	3.595364e+11	1.067109e+01
58	2.075867e+11	3.585259e+01
59	2.636383e+11	2.791898e+01
60	3.224572e+11	1.062343e+01
61	1.376328e+11	1.220579e+01
62	3.868380e+11	5.372567e+00
63	2.592264e+11	2.600299e+01
64	2.711412e+11	5.381755e+00
65	2.470132e+11	2.895015e+01
66	4.559848e+11	1.690667e+01
67	2.903079e+11	8.619849e+00
68	2.964566e+11	1.942943e+00
69	4.646967e+11	4.418935e+01
70	2.380372e+11	4.355478e+01
71	5.002937e+11	1.014820e+01
72	2.522614e+11	3.062370e+01
73	1.681563e+11	2.142669e+01
74	2.550691e+11	3.748034e+01
75	5.019099e+11	3.149522e+01
76	3.101701e+11	4.229864e+01
77	4.222103e+11	3.258606e+01
78	2.003923e+11	1.841028e+00
79	4.223787e+11	1.206014e+01
80	2.114797e+11	8.775352e+00
81	3.131190e+11	2.725846e+01
82	4.846096e+11	1.631869e+01
83	4.472428e+11	5.950180e+01
84	4.162521e+11	9.505478e+00
85	2.903443e+11	6.674837e+00
86	1.766259e+11	3.960432e+01
87	2.743712e+11	1.822813e+01
88	2.828945e+11	3.643688e+01
89	2.999085e+11	9.057110e+00
90	2.405819e+11	4.507880e+01
91	3.945681e+11	3.823705e+00
92	2.208459e+11	1.850571e+01
93	3.134399e+11	6.951643e+01
94	2.680410e+11	1.904128e+01
95	3.790754e+11	5.369898e+01
96	2.537000e+11	2.606769e-03
97	1.959438e+11	3.365578e+01
98	2.092101e+11	4.662767e+01
99	3.481887e+11	2.254932e+01
100	2.372301e+11	4.120567e+01
101	4.199546e+11	3.598832e+01
102	3.213404e+11	2.995087e+01
103	2.584177e+11	7.162953e+00
104	2.305767e+11	9.270245e+00
105	2.378792e+11	2.669518e+01
106	3.135648e+11	3.021029e-01
107	4.168024e+11	5.041952e+01
108	2.843940e+11	7.897890e+00
109	4.278079e+11	3.656288e+01
110	2.068044e+11	6.733210e+01
111	1.685375e+11	9.482676e+00
112	2.927527e+11	5.382073e+01
113	2.320946e+11	2.806561e-03
114	2.825243e+11	1.240893e+01
115	3.169979e+11	2.923416e-03
116	1.820241e+11	4.062526e+01
117	2.442249e+11	4.412394e+01
118	1.358670e+11	7.655984e+00
119	1.946891e+11	6.159416e+01
120	1.567258e+11	1.388247e+01
121	1.750023e+11	3.303727e+01
122	4.245107e+11	2.805652e+01
123	3.163573e+11	9.783472e+00
124	2.054865e+11	1.308624e+00
125	2.974197e+11	1.009076e+00
126	3.197060e+11	4.081486e+01
127	3.032588e+11	2.324905e+01
128	2.978181e+11	3.204752e+01
129	3.968648e+11	1.523606e+01
130	2.407620e+11	5.152868e+01
131	4.430180e+11	4.210379e+01
132	3.201862e+11	4.146304e+01
133	3.876360e+11	3.233560e+01
134	4.389002e+11	3.634904e+01
135	4.533507e+11	1.153485e+01
136	2.205737e+11	7.896755e+00
137	3.335776e+11	5.183765e+01
138	4.926828e+11	3.210037e+00
139	4.104934e+11	1.709284e+01
140	2.008332e+11	1.880292e+01
141	1.984880e+11	2.897241e+00
142	4.154042e+11	2.715689e+01
143	2.495619e+11	6.125867e+01
144	2.870833e+11	3.782610e+01
145	1.972102e+11	7.234466e+00
146	2.836100e+11	1.332831e+01
147	1.936358e+11	1.311580e+01
148	3.562906e+11	1.218964e+01
149	3.307375e+11	4.108298e+01
150	3.464112e+11	4.824508e+00
151	3.040598e+11	3.201326e+01
152	2.060096e+11	2.601320e+01
153	1.394735e+11	5.486239e+01
154	1.885737e+11	1.152902e+01
155	3.951504e+11	5.580209e+01
156	3.311619e+11	2.814726e-03
157	3.468262e+11	2.969441e+01
158	2.563405e+11	3.759845e+01
159	4.614011e+11	6.251685e+00
160	4.698810e+11	2.691559e+01
161	1.888449e+11	3.704975e+01
162	3.566362e+11	1.371274e+01
163	3.218690e+11	2.818473e+01
164	3.222765e+11	2.874914e-03
165	2.556852e+11	2.806798e-03
166	3.438157e+11	7.124326e+01
167	3.167317e+11	4.414823e-03
168	2.610940e+11	2.353280e+01
169	3.298309e+11	3.436364e+00
170	2.443823e+11	4.640775e+01
171	2.977636e+11	3.372918e+01
172	2.617304e+11	2.391497e+01
173	2.046835e+11	2.079232e+01
174	3.292748e+11	1.679066e+01
175	3.640417e+11	3.451472e+01
176	3.865192e+11	7.951230e+00
177	2.744168e+11	3.763445e+01
178	4.151486e+11	1.269072e+01
179	2.522038e+11	2.824899e+01
180	4.338590e+11	1.722591e+01
181	2.948164e+11	1.034312e+01
182	2.951879e+11	7.451306e+01
183	3.003597e+11	2.046050e+01
184	4.046053e+11	3.043084e+01
185	3.328613e+11	9.593363e+00
186	2.863683e+11	4.932719e+01
187	2.507254e+11	1.231201e+01
188	2.387107e+11	5.534858e+01
189	2.873099e+11	2.519979e+01
190	3.550461e+11	5.101967e+01
191	3.792706e+11	2.638321e+01
192	4.809486e+11	2.516552e+01
193	3.250259e+11	5.947254e+00
194	2.340651e+11	2.639565e-03
195	2.600783e+11	5.842177e+01
196	4.509080e+11	1.265184e+01
197	4.130961e+11	1.523166e+01
198	4.414906e+11	1.897350e+01
199	3.219159e+11	2.116941e+01
200	3.597165e+11	5.688622e+01
201	2.217076e+11	4.662288e+01
202	1.878689e+11	3.441209e+01
203	3.338160e+11	2.141810e+00
204	2.485153e+11	8.556686e+00
205	2.566667e+11	2.130258e+01
206	1.944723e+11	2.422145e+00
207	3.151826e+11	1.458454e+01
208	3.055014e+11	2.981780e-03
209	3.716613e+11	4.764553e+01
210	3.109089e+11	3.014475e+01
211	3.745495e+11	3.564500e+01
212	4.685815e+11	2.053083e+01
213	2.233234e+11	3.283461e+01
214	3.719385e+11	3.129817e+01
215	4.042006e+11	1.078826e+01
216	2.355442e+11	3.503610e+01
217	5.299163e+11	1.580831e+01
218	1.401517e+11	1.865450e+01
219	4.015776e+11	1.278266e+01
220	4.353033e+11	5.184731e+01
221	4.084480e+11	5.711052e+01
222	2.653289e+11	1.119327e+00
223	2.553506e+11	5.814831e+01
224	2.738820e+11	7.102679e+01
225	4.450126e+11	9.058941e+00
226	2.729684e+11	5.959602e+01
227	2.891964e+11	4.320057e+01
228	3.277819e+11	4.435171e+01
229	3.299916e+11	3.961008e+01
230	2.783802e+11	3.280663e+01
231	2.464185e+11	3.483149e+01
232	4.219995e+11	2.024910e+00
233	3.928010e+11	2.630867e+01
234	3.086189e+11	4.511080e+01
235	3.284779e+11	4.434383e+01
236	3.666966e+11	2.086996e-01
237	3.190911e+11	1.230938e+01
238	2.902491e+11	4.471870e+01
239	3.191598e+11	4.161174e-01
240	2.902911e+11	3.230726e+01
241	2.800203e+11	9.437404e+00
242	2.889241e+11	3.149417e+01
243	2.189700e+11	5.158358e+00
244	3.731193e+11	1.422800e+01
245	3.225172e+11	5.091106e+01
246	3.738201e+11	2.106055e+01
247	3.088175e+11	2.937650e+01
248	2.667117e+11	6.964527e+00
249	2.141868e+11	2.357928e+01
250	3.174376e+11	1.181954e+01
251	2.891377e+11	2.037763e+01
252	2.651849e+11	2.013517e+01
253	2.163697e+11	4.161912e+00
254	2.494845e+11	2.013221e+01
255	4.114160e+11	2.398005e+01
256	2.926876e+11	4.355694e+01
257	2.670348e+11	4.177423e+01
258	3.886672e+11	7.234746e+00
259	3.905863e+11	1.201090e+01
260	3.914061e+11	1.827274e+01
261	2.174346e+11	4.315697e+00
262	3.947341e+11	1.813510e+01
263	2.590749e+11	3.742267e-03
264	2.694575e+11	3.207076e+01
265	3.534556e+11	5.918754e+00
266	2.652124e+11	4.323323e+01
267	2.656482e+11	2.516776e+00
268	4.352810e+11	3.924842e+01
269	3.621386e+11	2.769886e+01
270	2.512532e+11	3.642819e+01
271	2.191309e+11	4.803663e+01
272	3.321918e+11	1.472547e+01
273	2.942277e+11	6.541425e+01
274	2.287634e+11	2.658250e-03
275	4.544358e+11	4.238392e+01
276	3.930340e+11	2.190529e+01
277	2.925303e+11	3.179911e+01
278	2.416681e+11	6.399997e+01
279	2.178755e+11	5.662449e+00
280	4.881092e+11	3.042177e+01
281	2.974449e+11	2.909825e-03
282	3.538328e+11	7.535391e+01
283	3.459521e+11	4.476916e+01
284	4.326235e+11	3.113845e+01
285	3.156390e+11	6.596594e+01
286	4.650641e+11	4.113725e+01
287	3.471470e+11	4.148086e+01
288	2.886813e+11	2.045283e+01
289	1.819266e+11	3.793486e+00
290	3.720397e+11	1.990831e+01
291	2.510241e+11	2.597575e-03
292	3.310673e+11	2.167711e+01
293	4.079846e+11	3.085247e+01
294	2.146946e+11	3.284970e+00
295	2.041195e+11	3.970401e+01
296	2.143956e+11	3.840673e+00
297	1.691891e+11	8.097629e+00
298	4.059199e+11	3.400644e+01
299	4.046106e+11	1.844405e+00
300	2.751343e+11	4.344264e-01
301	2.351144e+11	1.570200e+01
302	2.136114e+11	3.293331e+01
303	2.342253e+11	1.406299e+01
304	2.776413e+11	3.850537e+01
305	2.073111e+11	3.526224e+01
306	1.416256e+11	4.531355e+01
307	2.236450e+11	2.257841e+00
308	4.253940e+11	4.776163e+01
309	2.810041e+11	4.256784e+01
310	4.072958e+11	1.780145e+01
311	2.851044e+11	3.158694e+01
312	2.436607e+11	9.485863e-01
313	3.673885e+11	2.997266e+01
314	2.695463e+11	1.709309e+01
315	2.852132e+11	5.081726e+01
316	1.977889e+11	1.625069e+01
317	3.246148e+11	2.734807e+00
318	3.805339e+11	1.779760e+01
319	2.232516e+11	3.454232e+01
320	3.250052e+11	2.028190e+01
321	3.939332e+11	9.405070e+00
322	1.966429e+11	3.509802e+01
323	4.343931e+11	1.126802e+01
324	3.047054e+11	5.409182e+01
325	2.670272e+11	3.503730e+01
326	2.667221e+11	1.737462e+01
327	4.528441e+11	2.255124e+01
328	2.038895e+11	1.309766e+00
329	3.985501e+11	4.613102e+01
330	2.130846e+11	2.426368e-03
331	3.245749e+11	5.030606e+01
332	2.532742e+11	6.470882e+00
333	3.480784e+11	3.355115e+01
334	2.289501e+11	3.968106e+01
335	3.405228e+11	1.828091e+01
336	1.883443e+11	6.124716e+01
337	3.380622e+11	2.816960e-03
338	2.641297e+11	3.766469e+01
339	2.400992e+11	1.025556e+01
340	4.025266e+11	3.191445e+01
341	1.756588e+11	1.550606e+01
342	2.173165e+11	1.224154e+01
343	2.148527e+11	5.676682e+01
344	2.853682e+11	2.721651e+01
345	2.312336e+11	2.788863e+01
346	2.201025e+11	9.863702e+00
347	3.511487e+11	5.529622e+01
348	2.883109e+11	1.064422e+01
349	2.945391e+11	1.728271e+01
350	3.096690e+11	5.228973e+01
351	2.697616e+11	9.089342e+00
352	2.904142e+11	5.814036e+01
353	2.633055e+11	5.235962e+01
354	1.499771e+11	2.034146e+01
355	2.576629e+11	2.516763e+01
356	2.651968e+11	2.624013e-03
357	3.581002e+11	1.215379e+01
358	4.494948e+11	3.379503e+01
359	3.213426e+11	2.532924e+00
360	2.188854e+11	3.356288e+01
361	2.995150e+11	2.468359e+00
362	2.467396e+11	2.008518e+01
363	5.171215e+11	1.723801e+01
364	2.081850e+11	4.144149e+01
365	3.124191e+11	8.451987e-01
366	4.615328e+11	1.599350e+01
367	2.801587e+11	3.043060e+01
368	4.648158e+11	1.069537e+01
369	2.488468e+11	6.665158e+01
370	5.068881e+11	1.889137e+01
371	3.302108e+11	4.301366e+01
372	3.409263e+11	2.209640e+01
373	2.281302e+11	1.464119e+00
374	2.871233e+11	6.206186e+01
375	2.590977e+11	5.043599e+01
376	2.183455e+11	3.853349e+01
377	1.924057e+11	1.759637e+01
378	3.817895e+11	3.656763e+01
379	2.270028e+11	1.051931e+01
380	3.766614e+11	8.356725e+01
381	3.548892e+11	5.178637e+01
382	2.640809e+11	3.021190e+01
383	5.187167e+11	1.556032e+01
384	2.863240e+11	3.230483e+01
385	2.297852e+11	4.612918e+01
386	3.722763e+11	2.036718e+01
387	4.422669e+11	3.693137e+01
388	2.678461e+11	1.817708e+01
389	2.852489e+11	3.493297e+00
390	2.863788e+11	2.646318e+01
391	4.265149e+11	3.855146e-01
392	3.553520e+11	4.281547e+01
393	4.215870e+11	4.826426e-03
394	2.752023e+11	1.835239e+01
395	3.216144e+11	5.835066e+00
396	3.213048e+11	3.197750e+01
397	2.562541e+11	7.743916e+01
398	2.204284e+11	1.754929e+00
399	2.719675e+11	2.248711e+01
400	3.681500e+11	3.810185e+01
401	3.527223e+11	9.086428e+00
402	3.243670e+11	2.952089e-03
403	3.338396e+11	2.222462e+01
404	2.258368e+11	2.993408e+01
405	2.858377e+11	9.017483e+00
406	2.810092e+11	1.860599e+01
407	2.107821e+11	2.082276e+01
408	3.900279e+11	4.247693e+01
409	3.390494e+11	9.723759e+00
410	2.542579e+11	3.716909e+01
411	1.541652e+11	8.779697e+00
412	2.021421e+11	4.419053e+01
413	2.403823e+11	1.458829e+01
414	3.575296e+11	2.054089e+01
415	2.682571e+11	3.006858e+01
416	2.534420e+11	3.087664e+00
417	2.157911e+11	1.170044e+01
418	2.847546e+11	4.907037e+01
419	2.759377e+11	1.209698e+01
420	2.379160e+11	2.776096e+01
421	5.116556e+11	1.036197e+01
422	2.568329e+11	7.000206e+01
423	2.996066e+11	4.502371e+01
424	2.871593e+11	1.025317e+01
425	3.276491e+11	2.355975e+01
426	3.733158e+11	3.832422e+01
427	1.891060e+11	7.539347e+01
428	2.441536e+11	1.841686e+01
429	4.253745e+11	5.350492e+00
430	3.011328e+11	4.128094e+01
431	4.083690e+11	1.476173e+01
432	2.418634e+11	4.419891e+01
433	3.380363e+11	3.221031e-03
434	4.542991e+11	1.932959e+01
435	4.152479e+11	4.028048e+01
436	2.998596e+11	4.419071e+01
437	3.890087e+11	4.500636e+01
438	4.358264e+11	2.805327e+00
439	2.945788e+11	2.572135e+01
440	2.843850e+11	1.473498e+01
441	3.728350e+11	1.808544e+01
442	3.700819e+11	9.643228e+00
443	5.014122e+11	2.326570e+01
444	4.587038e+11	2.833357e+00
445	2.745177e+11	3.232037e+01
446	2.052261e+11	7.274834e+01
447	2.870251e+11	1.123785e+01
448	2.287335e+11	2.803550e+01
449	3.465433e+11	1.009510e+00
450	3.199920e+11	3.991755e+01
451	3.438529e+11	3.051125e-03
452	2.455216e+11	5.682811e+01
453	3.361335e+11	4.593016e+01
454	4.175449e+11	1.793643e+00
455	1.802241e+11	3.732796e+01
456	3.351553e+11	1.950056e+01
457	2.899703e+11	4.025347e+01
458	2.819407e+11	8.435621e+00
459	2.959841e+11	3.372753e+01
460	2.467574e+11	2.869137e-03
461	2.407847e+11	3.171595e+01
462	2.917726e+11	6.736108e+01
463	2.589149e+11	1.317184e+00
464	2.954369e+11	4.299278e+01
465	2.453997e+11	2.146487e+01
466	3.368808e+11	6.099823e+01
467	3.503735e+11	1.265853e+01
468	2.371237e+11	4.956448e+01
469	2.522426e+11	5.415114e+01
470	4.466768e+11	5.874130e+01
471	2.467269e+11	1.131834e+02
472	3.335771e+11	2.229658e+01
473	3.196061e+11	2.388131e+01
474	4.133963e+11	1.339338e+01
475	3.054796e+11	7.858612e+01
476	1.473766e+11	5.240240e+00
477	2.982949e+11	3.877682e+00
478	5.763708e+11	3.366422e+01
479	2.364534e+11	3.579484e+01
480	2.934381e+11	3.293724e+01
481	2.784052e+11	6.320823e+01
482	1.496699e+11	1.085516e+01
483	3.574203e+11	5.483747e+01
484	1.892658e+11	1.389321e+01
485	3.410549e+11	1.281447e+00
486	1.948926e+11	4.314903e+01
487	3.635456e+11	1.939287e+01
488	4.186469e+11	2.120621e+01
489	3.013306e+11	2.161732e+01
490	2.373389e+11	2.894839e+01
491	2.448469e+11	1.938638e+01
492	2.036671e+11	5.105978e+01
493	4.017836e+11	2.181675e+01
494	5.211346e+11	4.038923e+01
495	3.064575e+11	4.359395e+01
496	2.580015e+11	8.918424e+00
497	1.896005e+11	7.481161e+01
498	3.833032e+11	3.869388e+01
499	5.798495e+11	1.320528e+01
500	3.098989e+11	3.818415e+01
501	2.249788e+11	1.170307e+01
502	2.969385e+11	5.141479e+01
503	2.611724e+11	8.508975e-01
504	1.781602e+11	5.445142e+01
505	3.943313e+11	1.247350e+01
506	2.560428e+11	2.776982e+01
507	1.715263e+11	8.655899e+00
508	2.746003e+11	4.471726e+01
509	2.538873e+11	4.045859e+01
510	2.369224e+11	1.016445e+01
511	3.093393e+11	3.896516e+01
512	1.952803e+11	1.502344e+01
513	3.217686e+11	2.812888e+01
514	3.661222e+11	3.158449e+01
515	3.612022e+11	3.314448e+01
516	3.195663e+11	5.393992e+00
517	3.370299e+11	2.549273e+01
518	2.548617e+11	7.836553e+01
519	2.062777e+11	7.170456e+00
520	2.388632e+11	1.267834e+01
521	2.883577e+11	1.104556e+01
522	4.302011e+11	3.774244e+01
523	5.125530e+11	4.338680e+01
524	2.867262e+11	4.069833e+01
525	3.361089e+11	1.292295e+01
526	3.721047e+11	5.929164e+00
527	3.491583e+11	3.362441e+01
528	2.699613e+11	1.593596e+01
529	2.643304e+11	6.313313e+01
530	2.887462e+11	7.653931e+00
531	2.537755e+11	5.220265e+01
532	3.727307e+11	3.336178e-03
533	4.350666e+11	1.282123e+01
534	2.959330e+11	1.210357e+01
535	3.575962e+11	2.339564e+01
536	2.376071e+11	3.532893e+01
537	2.720163e+11	2.426342e+01
538	3.533004e+11	5.940677e+01
539	2.753439e+11	5.489284e+00
540	1.719079e+11	4.123675e+01
541	2.622199e+11	8.078328e+01
542	2.833497e+11	3.494936e+01
543	2.071719e+11	4.183576e+00
544	3.309844e+11	3.098095e-03
545	3.120617e+11	3.255023e+01
546	2.445830e+11	5.481303e+01
547	2.777482e+11	7.731291e+00
548	1.395257e+11	3.955114e+01
549	3.384656e+11	4.597424e+01
550	3.770953e+11	7.163001e+01
551	2.036134e+11	4.368571e+01
552	1.685212e+11	2.030374e+00
553	2.200232e+11	1.357091e+01
554	2.188819e+11	9.296908e+00
555	2.699603e+11	3.909998e+01
556	1.908328e+11	1.236547e+00
557	3.082714e+11	2.535024e+01
558	3.191067e+11	3.272348e+01
559	3.047173e+11	2.268722e+01
560	3.087040e+11	4.793137e+01
561	2.869030e+11	3.338940e-03
562	2.248241e+11	5.137907e+01
563	2.952586e+11	4.804681e+01
564	3.254473e+11	4.322987e+01
565	3.145702e+11	4.669554e+01
566	3.181322e+11	9.619323e+00
567	4.119583e+11	1.990898e+01
568	3.564762e+11	1.164272e+01
569	2.329076e+11	4.158039e+01
570	3.300759e+11	1.106061e+01
571	2.463770e+11	1.417956e+01
572	4.298968e+11	2.731853e+00
573	3.224193e+11	3.738995e+01
574	3.992342e+11	3.777792e+01
575	2.085554e+11	8.420449e+00
576	1.981304e+11	5.748302e+01
577	3.767618e+11	1.134205e+01
578	4.548354e+11	5.796226e+01
579	2.424363e+11	4.872552e+00
580	2.526831e+11	4.085104e+01
581	2.183691e+11	2.449091e+01
582	2.446805e+11	3.786149e+00
583	1.810013e+11	6.301756e+01
584	2.216401e+11	1.713875e+01
585	2.817723e+11	4.243575e+01
586	3.057919e+11	1.678686e+01
587	5.238902e+11	3.641895e+01
588	1.281143e+11	9.893080e+00
589	3.681698e+11	1.670116e+01
590	2.847647e+11	4.766170e+01
591	5.680031e+11	2.365012e+00
592	2.369822e+11	4.495380e+01
593	1.994310e+11	2.508612e+01
594	3.766057e+11	5.866421e+01
595	2.433909e+11	2.644631e+00
596	4.745311e+11	6.027724e+01
597	1.858236e+11	4.340560e+01
598	2.339541e+11	3.452644e+01
599	2.490756e+11	4.417809e+01
600	2.650157e+11	2.015657e+00
601	4.041170e+11	4.246131e+01
602	4.300935e+11	4.900629e+01
603	2.414402e+11	4.951075e+01
604	3.483648e+11	1.700965e+01
605	2.292157e+11	2.556447e-03
606	3.587888e+11	6.883499e-01
607	2.696995e+11	1.462992e+01
608	3.361682e+11	2.281904e+01
609	3.164832e+11	5.564553e+01
610	5.087302e+11	3.607243e-03
611	2.900335e+11	3.243844e+01
612	1.808638e+11	2.676500e+01
613	3.969836e+11	2.927344e+01
614	4.582183e+11	3.145605e+01
615	3.034872e+11	1.213116e+01
616	1.514166e+11	3.291457e+01
617	3.527788e+11	3.279332e+01
618	1.895013e+11	7.383620e+01
619	3.229206e+11	3.506572e-03
620	2.159500e+11	7.542747e+01
621	2.945177e+11	2.168697e+01
622	2.454565e+11	2.058384e+01
623	3.388633e+11	3.128332e+01
624	1.486115e+11	3.404383e+00
625	2.017276e+11	1.770380e+01
626	4.050962e+11	2.824898e+01
627	3.902723e+11	4.143153e+01
628	1.578402e+11	2.083859e-03
629	2.323812e+11	2.079873e+01
630	2.232233e+11	2.576096e+01
631	3.848707e+11	1.013648e+01
632	2.683862e+11	4.592760e+01
633	2.218754e+11	1.068180e+00
634	2.632559e+11	4.245338e+01
635	3.349122e+11	1.297519e+01
636	3.869214e+11	4.161276e+01
637	1.831534e+11	4.815958e+01
638	2.367378e+11	1.819913e+01
639	3.277704e+11	2.840966e+01
640	1.802335e+11	2.117108e+00
641	3.141326e+11	4.044981e+01
642	1.760637e+11	5.761390e+00
643	2.103421e+11	5.129015e+01
644	2.962148e+11	2.599765e+01
645	2.898845e+11	9.456173e+00
646	3.619775e+11	6.981464e+01
647	3.348735e+11	2.804092e+01
648	3.234154e+11	5.796205e+01
649	1.582170e+11	7.365209e+00
650	4.190175e+11	3.118520e+01
651	3.340788e+11	1.487596e+01
652	2.804237e+11	3.244008e+01
653	1.741554e+11	4.013690e+01
654	4.247142e+11	3.679743e+01
655	6.170768e+11	6.360064e+00
656	1.385194e+11	1.038971e+01
657	4.259445e+11	3.515665e+01
658	2.362377e+11	4.241513e+00
659	3.595982e+11	5.208064e+01
660	1.888689e+11	1.670271e+00
661	1.939195e+11	2.188639e-03
662	3.454741e+11	2.687916e+01
663	4.582493e+11	5.665365e+00
664	2.152842e+11	4.585799e+01
665	3.032650e+11	1.019818e+01
666	2.724246e+11	4.540666e+01
667	2.747773e+11	2.527561e+01
668	1.995461e+11	7.253033e+01
669	2.138724e+11	1.732323e+01
670	4.144836e+11	8.560957e+00
671	1.912604e+11	3.728923e+01
672	2.823340e+11	7.404962e+00
673	3.836947e+11	6.111084e-01
674	1.531667e+11	2.552754e+01
675	3.606347e+11	2.978760e+01
676	4.350570e+11	2.063676e+01
677	1.383331e+11	4.471406e-02
678	5.932591e+11	2.419322e+01
679	3.089472e+11	3.602845e+01
680	3.244700e+11	2.519328e+01
681	1.872256e+11	4.757235e+01
682	3.403812e+11	2.971096e+01
683	4.495815e+11	3.802902e+01
684	3.398014e+11	7.319113e+00
685	1.737385e+11	2.617734e+00
686	2.537325e+11	4.873243e+01
687	2.604036e+11	6.830661e+00
688	3.449543e+11	1.801053e+01
689	3.495201e+11	1.878429e+01
690	2.449547e+11	8.259029e+01
691	2.097212e+11	1.268557e+01
692	2.829134e+11	2.506691e+01
693	2.229721e+11	2.600607e+01
694	3.587167e+11	7.068888e+00
695	3.966648e+11	3.816289e+01
696	3.784271e+11	2.151646e+01
697	3.672358e+11	3.180247e+01
698	4.510443e+11	4.028186e+01
699	2.843572e+11	4.389976e+01
700	1.592810e+11	2.200753e-03
701	3.867030e+11	4.217336e+00
702	2.422910e+11	3.033793e+01
703	2.870281e+11	3.640825e+01
704	1.129463e+11	2.594027e+01
705	2.491710e+11	4.593339e+01
706	3.117310e+11	3.201112e+01
707	2.291338e+11	1.160140e+01
708	2.312373e+11	2.727167e+01
709	2.171613e+11	4.097438e+01
710	2.217872e+11	8.558575e+00
711	2.547258e+11	2.470110e+01
712	1.434840e+11	3.435375e+00
713	2.393958e+11	2.830469e+01
714	2.612922e+11	1.773141e+00
715	5.832232e+11	1.265419e+01
716	2.293646e+11	6.373174e+01
717	2.363465e+11	1.149241e+01
718	2.948827e+11	3.341459e+01
719	3.212788e+11	3.276482e+01
720	2.275438e+11	4.353951e+01
721	3.159230e+11	4.504406e+00
722	3.296238e+11	4.893620e+01
723	4.104801e+11	9.724206e+00
724	2.857241e+11	2.623487e+01
725	3.626556e+11	1.819357e+01
726	2.753789e+11	1.759799e+01
727	3.272378e+11	3.966326e+01
728	3.225111e+11	1.414336e+01
729	2.104006e+11	3.728330e+01
730	4.174114e+11	1.359791e+01
731	4.393719e+11	4.951083e+01
732	4.637363e+11	2.613032e+01
733	3.913758e+11	3.233460e+01
734	2.356087e+11	4.550193e+01
735	2.768318e+11	1.048869e+01
736	1.448763e+11	2.113765e+00
737	2.614747e+11	9.520680e+01
738	3.359687e+11	1.368265e+01
739	2.343120e+11	3.942724e+01
740	1.536299e+11	3.822763e-01
741	2.025633e+11	6.398836e-01
742	2.224827e+11	9.781829e+01
743	4.068323e+11	5.665511e+00
744	3.440940e+11	4.835726e+01
745	1.940793e+11	1.917842e+01
746	3.473702e+11	2.457945e+01
747	2.563510e+11	2.053111e+00
748	2.312081e+11	3.630083e+01
749	2.502517e+11	6.514456e+01
750	1.905694e+11	1.594129e+00
751	4.335279e+11	3.720700e+01
752	3.325232e+11	1.980797e+01
753	3.798757e+11	4.440053e+01
754	3.820223e+11	5.972147e+00
755	3.222046e+11	3.989265e+01
756	2.699174e+11	3.456410e+01
757	3.707952e+11	2.643026e+00
758	2.269197e+11	1.108879e+01
759	1.794552e+11	3.796199e+01
760	2.577295e+11	5.913488e+01
761	2.446724e+11	2.592121e+01
762	3.581663e+11	5.526813e+01
763	2.229830e+11	7.854269e+00
764	1.855462e+11	1.266992e+00
765	3.003016e+11	3.142387e+01
766	2.180094e+11	2.429106e+01
767	2.279809e+11	5.884953e+01
768	3.405930e+11	2.401461e+00
769	3.883121e+11	4.919851e+01
770	2.773738e+11	4.437605e+01
771	3.713178e+11	2.952806e-03
772	2.715414e+11	1.684898e+01
773	2.173154e+11	6.376263e+01
774	3.857757e+11	1.628684e+01
775	2.850334e+11	1.713506e+01
776	3.282356e+11	1.032653e+01
777	2.815265e+11	3.932611e+01
778	3.021321e+11	1.722860e+01
779	2.582897e+11	5.210648e+01
780	3.537216e+11	2.405525e+01
781	3.796001e+11	2.921004e-01
782	2.282540e+11	1.808242e+01
783	2.573446e+11	7.869306e+00
784	3.124471e+11	4.250914e+01
785	4.758435e+11	4.038185e+01
786	2.480046e+11	5.243096e+01
787	3.084534e+11	3.166453e+01
788	1.604064e+11	3.942444e+01
789	3.029868e+11	4.540392e+01
790	3.008727e+11	5.772002e+00
791	2.440260e+11	5.579451e+01
792	2.200947e+11	2.913591e+01
793	1.888464e+11	3.882178e+01
794	2.464481e+11	3.145597e+01
795	3.000324e+11	4.907790e+01
796	3.963683e+11	1.632762e+01
797	1.950055e+11	1.645417e+01
798	3.374755e+11	4.343196e+01
799	2.114323e+11	6.215517e+00
800	2.216632e+11	1.067275e+01
801	2.230356e+11	2.290561e+01
802	2.436033e+11	1.249774e+01
803	2.959689e+11	3.430467e+01
804	2.807779e+11	1.048945e+00
805	4.117960e+11	2.096196e+01
806	3.126174e+11	4.396869e+01
807	1.611157e+11	3.386344e-01
808	4.453459e+11	2.364841e+01
809	1.827058e+11	5.749086e+00
810	2.311203e+11	3.302637e+01
811	3.431670e+11	2.632809e+01
812	2.166497e+11	4.467746e+01
813	2.473917e+11	3.928917e+01
814	5.158893e+11	2.179945e+01
815	2.479987e+11	3.430408e+01
816	3.407963e+11	3.787977e+00
817	1.869454e+11	1.953975e+01
818	4.409736e+11	1.998505e+01
819	4.383374e+11	4.162991e+01
820	2.658194e+11	3.407724e-03
821	2.189799e+11	1.768602e+01
822	4.091481e+11	3.154672e+01
823	3.191801e+11	1.733898e+01
824	1.863254e+11	5.226105e+01
825	4.940990e+11	3.791547e+01
826	2.958107e+11	5.338521e+01
827	3.489368e+11	4.383005e+00
828	3.903584e+11	3.534890e+01
829	2.380145e+11	2.146933e+01
830	2.016251e+11	2.770939e+01
831	4.676111e+11	4.904338e+01
832	1.962103e+11	8.744803e-01
833	2.371812e+11	2.530401e+01
834	3.468809e+11	3.219772e+00
835	3.380101e+11	3.508452e+01
836	2.125937e+11	1.761896e+01
837	2.607277e+11	2.645139e-03
838	4.235871e+11	5.242161e+01
839	2.409316e+11	1.952125e+00
840	3.485556e+11	2.799860e+01
841	2.656640e+11	9.033142e+00
842	2.688048e+11	5.491327e+01
843	3.589476e+11	2.234583e+01
844	3.481062e+11	3.662484e+01
845	2.500624e+11	5.709626e+01
846	3.563638e+11	1.291910e+01
847	2.244226e+11	5.769365e+01
848	2.798298e+11	2.408997e+00
849	1.805797e+11	3.350597e+01
850	2.073128e+11	1.891602e+01
851	1.699816e+11	4.367047e+01
852	1.727135e+11	1.540357e+01
853	2.538294e+11	2.211246e+01
854	3.989695e+11	6.999168e+01
855	2.452514e+11	1.363977e+01
856	2.958568e+11	3.470611e+00
857	2.022010e+11	1.566967e+00
858	2.462240e+11	2.161287e+01
859	2.193297e+11	2.006111e+01
860	2.857689e+11	4.250424e+01
861	2.624550e+11	3.070848e+01
862	1.881234e+11	1.515331e+01
863	2.585240e+11	3.818311e+01
864	3.427074e+11	3.289053e+01
865	2.388681e+11	4.253260e+00
866	3.591495e+11	5.996928e+01
867	3.448886e+11	4.131606e+00
868	1.872460e+11	6.160555e+01
869	3.841692e+11	1.336755e+01
870	2.658434e+11	2.666521e+00
871	3.589765e+11	1.399323e+01
872	1.950182e+11	1.834941e+01
873	2.713050e+11	4.720396e+01
874	2.105981e+11	1.118256e+01
875	4.202908e+11	2.758699e+01
876	2.110593e+11	5.448859e+00
877	4.104978e+11	2.328950e+01
878	3.443191e+11	3.785482e+01
879	2.486189e+11	4.819352e+00
880	1.700935e+11	3.515621e+01
881	2.628757e+11	6.922659e+00
882	2.823188e+11	5.363972e+01
883	4.115896e+11	1.447771e+01
884	2.198235e+11	2.022672e+01
885	2.154762e+11	5.353369e+01
886	5.931290e+11	1.788485e+01
887	2.153313e+11	6.593446e+01
888	2.763418e+11	1.105328e+00
889	1.442765e+11	5.502561e+01
890	2.544325e+11	4.498042e+00
891	2.798303e+11	4.490689e+01
892	2.845068e+11	1.896469e+01
893	3.735865e+11	1.935990e+01
894	1.741757e+11	2.973450e+01
895	1.637773e+11	1.728888e+01
896	2.441685e+11	2.212169e+01
897	1.977662e+11	3.995510e+00
898	3.228906e+11	4.057375e+01
899	2.695080e+11	2.982094e+01
900	5.015721e+11	3.206867e+01
901	2.934813e+11	2.322987e+01
902	3.964736e+11	2.184534e+01
903	3.042654e+11	4.148161e+01
904	3.125106e+11	1.104278e+01
905	2.130377e+11	5.608680e+01
906	1.927228e+11	1.940440e+01
907	1.804716e+11	4.246363e+01
908	2.805879e+11	2.788411e+01
909	1.523709e+11	1.095223e+01
910	3.499050e+11	3.991948e+01
911	5.044972e+11	1.829041e+01
912	3.592662e+11	4.682041e+01
913	1.908429e+11	2.387547e+01
914	1.504607e+11	5.036239e+01
915	3.975074e+11	4.311417e+01
916	2.939214e+11	3.302800e+01
917	2.614198e+11	3.847040e+01
918	5.072510e+11	3.456124e+01
919	2.536577e+11	1.965668e+00
920	3.316675e+11	6.567718e-01
921	3.307855e+11	2.738073e-03
922	3.163733e+11	1.230564e+00
923	3.236277e+11	2.707155e+01
924	4.379305e+11	5.995138e+00
925	2.191503e+11	1.217315e+01
926	3.496983e+11	4.182013e+01
927	2.368793e+11	3.190531e+01
928	2.457797e+11	5.090422e+01
929	2.684594e+11	2.801046e+01
930	3.166413e+11	2.449449e+00
931	3.336764e+11	1.332001e+01
932	1.883306e+11	9.239861e+00
933	2.749330e+11	1.538653e+00
934	2.128035e+11	3.863762e+01
935	1.921551e+11	1.572511e+00
936	2.595153e+11	3.460847e+01
937	2.678303e+11	2.354748e+01
938	2.823978e+11	6.966818e+01
939	1.615432e+11	1.042717e+01
940	1.576236e+11	6.684367e+01
941	2.657356e+11	3.226243e+01
942	2.335012e+11	2.063622e+01
943	1.677585e+11	6.704655e-01
944	1.329788e+11	2.149262e-03
945	3.469464e+11	6.750922e+01
946	3.208996e+11	3.187262e+01
947	3.838687e+11	4.919549e+00
948	2.262160e+11	4.678893e+00
949	4.275757e+11	8.178550e+00
950	6.230292e+11	4.779465e+01
951	4.831666e+11	1.989044e+01
952	4.174363e+11	8.594862e+01
953	3.911152e+11	2.044624e+01
954	2.601075e+11	3.401623e+01
955	1.870092e+11	2.325910e+00
956	3.118891e+11	6.851133e+01
957	2.141111e+11	5.621568e+01
958	3.199074e+11	1.904781e+00
959	5.132830e+11	6.067699e+01
960	3.150096e+11	2.118597e+01
961	4.392197e+11	5.108838e+01
962	1.674951e+11	2.465175e+01
963	2.876443e+11	3.727206e+01
964	2.532895e+11	2.812137e-03
965	3.417821e+11	1.109566e+01
966	2.998926e+11	3.583820e+01
967	3.250013e+11	3.628211e-01
968	2.758501e+11	3.322594e+01
969	3.269131e+11	2.707404e+01
970	2.805171e+11	5.412065e+01
971	4.837509e+11	2.271144e+01
972	2.132806e+11	5.147101e+01
973	4.084179e+11	3.072469e+01
974	3.934467e+11	1.477466e+01
975	4.444850e+11	4.985775e+01
976	2.853686e+11	8.823713e+00
977	2.567459e+11	2.572465e+01
978	3.325477e+11	3.117399e+00
979	3.744405e+11	4.427150e+01
980	2.877439e+11	2.058398e+01
981	3.519500e+11	2.528204e+01
982	2.144158e+11	2.807909e+01
983	4.214075e+11	2.384712e+01
984	1.999668e+11	8.415408e+01
985	3.214441e+11	6.688720e+01
986	2.129748e+11	2.342255e+01
987	3.921524e+11	4.316215e+00
988	3.625429e+11	5.555835e+01
989	2.671427e+11	2.877120e+01
990	2.487417e+11	5.015926e+01
991	2.797471e+11	3.430029e+01
992	2.383155e+11	2.502529e-03
993	4.046100e+11	2.532282e+01
994	3.097727e+11	3.927739e+01
995	4.014479e+11	1.679528e+01
996	3.901184e+11	5.176415e+01
997	2.892518e+11	3.855118e+01
998	3.446490e+11	8.719846e+00
999	4.764419e+11	3.458896e+00
1000	3.772947e+11	5.578084e+00
1001	3.126380e+11	3.578500e+01
1002	4.252720e+11	9.586928e-01
1003	2.571452e+11	6.088801e+01
1004	2.530770e+11	2.937718e+00
1005	2.145511e+11	3.742315e+00
1006	2.596850e+11	2.838725e+01
1007	2.836300e+11	1.485198e+01
1008	2.476106e+11	6.055568e+01
1009	2.354550e+11	1.127744e+01
1010	4.289472e+11	2.087147e+01
1011	2.940931e+11	1.806741e+01
1012	3.824171e+11	4.290153e+01
1013	3.245684e+11	2.877269e+01
1014	4.758288e+11	1.215870e+01
1015	5.582706e+11	3.125618e+01
1016	2.816744e+11	2.248198e+01
1017	2.138943e+11	3.645669e+01
1018	2.207209e+11	6.769094e+00
1019	2.837300e+11	3.310202e+01
1020	4.103865e+11	3.618864e+01
1021	2.738481e+11	1.431230e+01
1022	4.680613e+11	1.546121e+01
1023	3.399352e+11	6.362790e-01
