# Index	M_int	Con
0	5.701366e+11	5.463161e+02
1	3.569315e+11	7.591668e+01
2	3.341860e+11	3.023289e+02
3	5.834610e+11	1.051948e+02
4	3.849411e+11	5.751702e+02
5	5.089546e+11	5.988382e+02
6	2.685527e+11	7.096577e+01
7	3.130821e+11	8.307015e+02
8	2.348437e+11	1.071403e+02
9	2.690878e+11	3.445132e+02
10	2.058621e+11	6.860957e+01
11	5.134887e+11	6.043402e+02
12	3.332257e+11	2.434308e+02
13	4.158091e+11	3.767802e+02
14	3.021412e+11	2.627350e+02
15	1.488561e+11	1.529844e+01
16	4.570275e+11	7.846866e+02
17	2.317740e+11	5.881625e+01
18	2.283674e+11	5.677791e+02
19	3.893542e+11	3.170236e-03
20	4.706009e+11	8.188613e+02
21	2.798486e+11	3.837175e+02
22	5.299390e+11	1.063361e+01
23	5.528528e+11	5.013611e+02
24	2.887749e+11	1.825222e+01
25	2.235446e+11	3.210938e+02
26	3.762814e+11	1.948076e+00
27	3.533130e+11	7.023102e+02
28	4.439887e+11	4.644954e+01
29	6.531824e+11	1.318120e+02
30	2.853086e+11	3.871336e+02
31	2.190212e+11	7.041912e+01
32	4.084805e+11	1.498368e+02
33	2.766937e+11	2.697069e+02
34	3.912371e+11	4.064602e+01
35	3.357726e+11	3.793886e+02
36	4.175098e+11	2.760140e+02
37	5.259082e+11	1.263139e+02
38	5.196599e+11	1.918382e+02
39	6.836919e+11	3.749102e+02
40	2.866600e+11	4.716447e+03
41	4.133738e+11	1.396873e+02
42	4.618184e+11	4.724935e+02
43	1.642114e+11	8.905612e+00
44	5.356301e+11	3.180772e+03
45	6.604577e+11	5.236918e+02
46	2.327667e+11	7.381281e+01
47	5.531649e+11	4.769960e+02
48	1.809512e+11	4.890139e+01
49	4.624360e+11	5.268372e+02
50	3.061068e+11	2.145533e+02
51	5.971328e+11	3.578615e+02
52	3.165428e+11	5.852225e+01
53	2.950493e+11	1.197004e+02
54	4.776915e+11	2.129548e+02
55	1.766773e+11	6.726323e+01
56	4.485268e+11	1.046628e+02
57	4.259080e+11	7.347831e+01
58	2.290471e+11	2.060744e+02
59	3.039656e+11	1.973350e+02
60	3.884853e+11	1.181446e+02
61	1.520418e+11	5.947446e+01
62	4.764609e+11	3.552253e+01
63	2.844710e+11	2.548781e+02
64	3.868458e+11	3.516204e+01
65	3.135808e+11	2.304827e+02
66	5.509420e+11	1.669331e+02
67	3.221935e+11	7.906286e+01
68	4.570865e+11	1.369146e+01
69	6.263420e+11	5.209436e+02
70	2.670354e+11	2.145520e+02
71	6.430141e+11	1.203047e+02
72	2.883366e+11	2.051348e+02
73	1.782074e+11	5.689133e+01
74	3.028801e+11	6.959820e+02
75	5.724852e+11	2.513556e+02
76	3.869755e+11	2.279413e+02
77	4.715712e+11	1.992939e+02
78	2.167854e+11	1.119312e+01
79	5.362108e+11	1.290721e+02
80	2.226141e+11	5.450650e+01
81	4.476733e+11	2.619494e+02
82	5.619439e+11	9.813560e+01
83	5.590923e+11	3.058206e+02
84	4.643253e+11	7.169638e+01
85	2.996621e+11	2.542578e+01
86	2.335897e+11	1.129104e+02
87	3.005775e+11	9.783189e+01
88	3.575767e+11	4.018855e+02
89	4.228455e+11	3.385180e+01
90	2.783407e+11	4.835438e+02
91	4.422954e+11	2.744904e+01
92	2.599547e+11	7.324749e+01
93	4.208940e+11	6.220345e+02
94	3.203654e+11	1.256062e+02
95	4.469523e+11	1.252093e+03
96	3.329298e+11	3.276132e+00
97	2.655636e+11	1.183092e+02
98	2.625204e+11	6.533248e+02
99	4.071466e+11	5.684393e+02
100	2.747883e+11	7.517553e+02
101	5.355347e+11	2.870415e+02
102	3.711296e+11	3.750013e+02
103	2.898992e+11	8.570062e+01
104	2.628162e+11	3.292703e+01
105	2.956987e+11	3.386011e+02
106	3.284598e+11	3.500779e+00
107	5.775420e+11	4.365528e+02
108	3.054959e+11	7.890237e+01
109	4.781619e+11	1.643691e+02
110	2.705232e+11	2.758134e+02
111	1.847948e+11	2.293089e+01
112	3.914409e+11	4.831667e+02
113	2.527991e+11	7.862317e+00
114	3.429925e+11	6.226362e+01
115	3.366671e+11	1.550599e+00
116	2.384863e+11	1.056819e+03
117	3.263092e+11	3.562265e+02
118	1.407519e+11	1.781550e+01
119	2.352430e+11	3.274567e+02
120	1.644973e+11	6.491885e+01
121	1.922280e+11	2.276437e+02
122	6.136407e+11	6.510761e+02
123	3.573226e+11	7.719185e+01
124	2.593150e+11	3.897041e+01
125	3.453059e+11	1.066668e+01
126	4.163747e+11	4.417968e+02
127	3.855158e+11	5.959796e+01
128	3.686395e+11	2.899141e+02
129	5.598860e+11	3.489108e+02
130	2.990179e+11	2.238819e+02
131	5.063370e+11	2.307445e+02
132	4.022887e+11	4.795895e+02
133	4.542319e+11	4.052440e+02
134	6.429845e+11	1.531508e+02
135	5.075828e+11	4.606622e+01
136	2.772016e+11	2.810169e+01
137	3.827515e+11	3.274657e+02
138	5.618510e+11	5.717548e+01
139	5.174529e+11	5.782075e+02
140	2.138847e+11	8.786914e+01
141	2.027657e+11	2.520377e+01
142	5.317850e+11	3.036072e+02
143	2.770836e+11	4.575355e+02
144	3.825308e+11	1.416443e+02
145	2.114841e+11	3.207470e+01
146	3.313318e+11	1.465106e+02
147	2.086770e+11	7.339069e+01
148	4.834177e+11	1.109723e+02
149	4.466444e+11	4.596020e+02
150	3.922705e+11	1.362760e+01
151	3.689119e+11	2.956937e+02
152	2.366436e+11	9.130952e+01
153	1.712798e+11	3.173207e+02
154	2.209953e+11	8.512645e+01
155	4.215665e+11	4.474578e+02
156	4.039970e+11	8.911963e+00
157	5.161038e+11	1.402119e+02
158	2.866480e+11	6.764597e+02
159	5.568589e+11	5.817865e+01
160	5.256489e+11	2.785436e+03
161	2.540045e+11	2.267067e+02
162	4.231505e+11	1.215875e+02
163	3.592126e+11	2.761049e+02
164	4.230168e+11	8.267038e+00
165	3.334526e+11	5.814382e+00
166	4.032678e+11	2.521437e+02
167	4.507285e+11	2.100502e+00
168	2.958889e+11	1.379752e+02
169	3.446957e+11	3.553749e+01
170	2.979966e+11	1.451586e+03
171	3.286154e+11	1.387440e+02
172	3.052363e+11	5.758372e+02
173	2.785860e+11	6.554049e+01
174	3.514386e+11	8.159937e+01
175	4.898410e+11	6.145002e+02
176	4.629444e+11	1.129895e+02
177	3.847824e+11	3.997123e+02
178	4.387307e+11	9.425562e+01
179	2.846838e+11	1.306893e+02
180	4.928689e+11	4.106270e+02
181	3.496370e+11	5.361210e+01
182	3.435909e+11	4.023062e+02
183	3.476494e+11	1.910940e+02
184	5.722560e+11	8.178933e+02
185	3.910656e+11	1.711698e+02
186	3.698995e+11	3.300471e+02
187	3.063897e+11	3.230527e+01
188	2.619454e+11	1.757569e+02
189	3.063200e+11	1.455296e+02
190	4.602103e+11	4.375274e+02
191	4.411646e+11	1.092261e+03
192	5.519339e+11	4.350991e+02
193	4.094008e+11	6.877583e+01
194	2.793501e+11	6.048455e+00
195	3.056815e+11	4.936360e+02
196	5.632133e+11	1.616068e+03
197	4.782991e+11	4.892935e+02
198	5.177658e+11	1.341281e+02
199	3.908875e+11	2.728599e+02
200	4.123380e+11	6.329984e+02
201	2.565511e+11	4.975916e+02
202	2.180400e+11	1.848803e+02
203	3.552302e+11	9.232010e+00
204	3.140020e+11	1.956002e+02
205	3.208579e+11	1.450489e+02
206	2.160144e+11	2.577312e+01
207	3.679850e+11	7.350082e+01
208	3.233505e+11	2.387761e+01
209	5.101525e+11	7.660458e+02
210	3.671437e+11	1.999004e+02
211	5.242696e+11	3.112613e+02
212	4.873454e+11	2.111289e+02
213	2.325781e+11	6.948326e+01
214	4.373715e+11	7.136490e+02
215	4.339388e+11	2.140835e+02
216	3.007975e+11	1.727071e+03
217	7.161036e+11	1.596243e+02
218	1.554098e+11	6.094009e+01
219	4.335706e+11	1.542981e+02
220	5.777513e+11	5.228567e+02
221	5.040440e+11	6.965116e+02
222	3.085216e+11	5.298146e+01
223	2.906253e+11	5.772300e+02
224	4.107698e+11	3.905614e+02
225	5.993608e+11	8.274087e+01
226	3.439494e+11	3.885208e+02
227	3.596909e+11	3.186434e+03
228	4.067103e+11	4.267178e+02
229	3.777311e+11	5.506037e+02
230	3.489364e+11	7.443742e+01
231	3.025556e+11	1.532991e+03
232	5.215016e+11	2.036654e+01
233	5.630534e+11	6.132277e+02
234	3.332409e+11	2.897511e+02
235	3.922166e+11	2.138545e+02
236	3.874534e+11	5.025169e+01
237	3.766756e+11	7.091337e+02
238	3.535507e+11	5.470511e+02
239	3.339567e+11	1.166869e+01
240	3.912402e+11	5.680503e+02
241	3.124027e+11	1.068797e+02
242	3.406229e+11	3.518986e+02
243	2.237080e+11	1.363755e+01
244	4.498458e+11	3.327041e+02
245	3.736434e+11	2.158868e+02
246	4.026289e+11	1.511422e+02
247	4.275326e+11	3.361267e+02
248	3.036602e+11	5.421087e+01
249	2.474621e+11	1.410293e+02
250	3.762827e+11	1.348794e+02
251	3.342323e+11	1.581803e+02
252	3.374715e+11	3.174291e+02
253	2.367303e+11	3.224258e+01
254	2.744486e+11	1.804289e+02
255	5.180005e+11	6.173790e+02
256	3.736109e+11	6.850190e+02
257	3.507938e+11	2.757352e+02
258	4.232598e+11	8.272764e+01
259	4.831303e+11	1.512999e+02
260	4.593784e+11	9.207624e+01
261	2.234816e+11	1.168938e+01
262	4.662581e+11	3.135426e+02
263	2.896229e+11	1.298419e+00
264	3.466802e+11	2.409425e+03
265	4.830921e+11	3.396085e+01
266	2.981114e+11	3.660059e+02
267	3.238386e+11	3.728234e+01
268	5.356513e+11	3.127985e+02
269	3.998002e+11	6.789384e+02
270	2.967389e+11	2.849181e+02
271	2.551367e+11	4.851974e+02
272	4.690943e+11	1.083995e+02
273	3.569513e+11	3.726415e+05
274	2.858826e+11	7.302777e+00
275	4.709350e+11	2.796695e+02
276	5.515356e+11	5.873449e+01
277	3.998908e+11	2.740791e+02
278	2.916227e+11	8.563235e+02
279	2.532569e+11	1.298466e+01
280	6.003041e+11	9.058721e+02
281	3.294113e+11	2.909859e-03
282	5.029261e+11	6.482084e+02
283	3.770096e+11	3.546857e+02
284	5.374306e+11	3.057585e+02
285	4.012102e+11	1.178397e+03
286	4.932924e+11	2.016527e+02
287	4.368712e+11	1.012548e+03
288	3.036262e+11	2.075695e+02
289	1.919481e+11	2.730439e+01
290	4.365836e+11	6.787972e+02
291	2.709203e+11	1.514167e-01
292	4.257793e+11	6.129885e+02
293	5.072488e+11	3.656093e+02
294	2.237144e+11	1.594260e+01
295	2.243127e+11	1.376098e+03
296	2.508343e+11	2.314412e+01
297	1.963084e+11	7.489645e+01
298	5.891005e+11	4.377730e+02
299	4.818096e+11	2.143017e+01
300	3.291940e+11	4.127927e+01
301	2.641229e+11	7.567856e+01
302	2.561804e+11	2.323271e+02
303	3.191395e+11	1.765224e+01
304	3.139950e+11	2.922498e+02
305	2.847316e+11	3.509727e+02
306	1.815553e+11	3.005784e+02
307	2.792295e+11	3.484023e+01
308	5.142077e+11	1.423811e+03
309	3.429236e+11	6.189781e+02
310	5.199549e+11	1.422247e+02
311	3.073422e+11	5.071658e+02
312	3.021421e+11	1.485746e+02
313	4.557408e+11	1.110912e+03
314	2.795212e+11	5.494619e+01
315	3.892439e+11	5.500246e+02
316	2.178920e+11	6.163802e+01
317	3.815719e+11	1.389098e+01
318	4.902773e+11	1.813093e+02
319	2.422097e+11	1.746347e+02
320	3.854298e+11	2.011465e+02
321	4.294027e+11	5.058514e+01
322	2.386017e+11	2.089328e+02
323	4.680009e+11	1.197077e+02
324	4.242721e+11	3.955862e+02
325	3.476339e+11	2.885419e+02
326	3.055017e+11	9.527818e+01
327	6.423143e+11	3.624856e+02
328	2.120670e+11	1.068139e+01
329	5.419440e+11	2.658694e+02
330	2.393810e+11	1.347014e+01
331	3.465156e+11	7.044012e+02
332	3.430391e+11	4.407838e+01
333	4.524514e+11	2.464045e+02
334	2.588628e+11	4.330424e+02
335	4.114167e+11	6.284526e+01
336	2.223920e+11	2.913284e+03
337	4.506220e+11	7.037150e+01
338	2.847124e+11	2.605363e+02
339	3.095580e+11	3.565728e+01
340	4.875203e+11	4.596870e+02
341	1.965167e+11	5.444331e+01
342	2.375053e+11	6.056850e+01
343	2.489482e+11	6.301378e+02
344	3.927592e+11	4.498469e+02
345	3.070943e+11	5.630186e+02
346	2.463975e+11	8.991892e+01
347	4.385489e+11	5.489518e+02
348	2.986234e+11	1.386703e+02
349	3.252271e+11	2.826490e+02
350	3.634560e+11	2.898257e+02
351	2.873512e+11	5.685490e+01
352	3.843226e+11	8.075393e+02
353	3.318793e+11	2.356217e+02
354	1.591215e+11	7.582458e+01
355	3.066571e+11	4.456853e+02
356	2.743508e+11	7.316483e+00
357	4.226459e+11	7.187958e+01
358	5.952860e+11	9.079406e+02
359	3.325664e+11	4.350766e+01
360	2.942556e+11	1.370310e+02
361	3.671029e+11	1.406632e+02
362	2.604359e+11	2.161577e+02
363	6.682234e+11	2.268111e+02
364	2.588621e+11	8.722369e+02
365	3.752228e+11	6.136761e+00
366	5.616951e+11	6.540374e+02
367	3.371656e+11	1.193551e+02
368	5.462714e+11	3.182256e+02
369	2.925762e+11	3.453679e+05
370	7.160889e+11	3.251560e+02
371	4.451735e+11	2.960146e+02
372	4.556549e+11	1.605614e+02
373	2.431652e+11	9.048238e+00
374	3.053862e+11	2.965397e+02
375	3.475073e+11	2.072071e+02
376	2.497458e+11	2.251268e+02
377	2.041594e+11	8.071654e+01
378	4.485759e+11	3.818490e+02
379	2.362951e+11	3.147341e+01
380	5.144283e+11	1.036014e+03
381	5.179125e+11	1.116561e+03
382	2.782627e+11	1.442145e+02
383	6.463616e+11	2.201650e+02
384	3.354012e+11	4.271695e+02
385	2.914046e+11	6.005052e+02
386	4.861639e+11	3.133582e+02
387	6.065017e+11	3.181224e+02
388	2.872951e+11	5.685818e+01
389	3.000343e+11	4.282290e+01
390	3.683183e+11	2.554902e+02
391	4.518353e+11	2.178585e+01
392	4.541904e+11	9.387347e+02
393	5.952541e+11	1.205833e+01
394	2.964999e+11	2.150761e+02
395	3.676028e+11	3.083399e+01
396	4.140500e+11	1.671050e+02
397	3.056367e+11	3.184246e+05
398	2.391296e+11	1.717580e+01
399	3.360482e+11	1.029794e+02
400	5.648440e+11	7.802025e+02
401	3.873706e+11	6.722649e+01
402	3.700720e+11	2.600557e+01
403	4.172911e+11	2.155598e+02
404	2.921240e+11	4.894078e+02
405	3.567856e+11	7.959239e+01
406	3.166406e+11	2.082243e+02
407	2.650957e+11	8.723143e+01
408	4.725846e+11	6.419075e+02
409	3.897942e+11	8.654016e+01
410	3.022055e+11	5.740743e+02
411	1.629971e+11	3.986425e+01
412	2.532851e+11	1.839422e+02
413	2.894136e+11	1.153197e+02
414	4.034360e+11	2.841978e+02
415	3.054180e+11	3.792758e+02
416	2.692892e+11	2.422326e+01
417	2.342289e+11	6.167879e+01
418	3.627886e+11	4.791464e+02
419	2.892695e+11	3.798366e+01
420	3.229648e+11	6.047635e+01
421	6.657946e+11	2.351017e+02
422	2.841433e+11	3.386205e+02
423	3.670482e+11	7.095411e+02
424	3.132995e+11	9.734728e+01
425	3.593189e+11	3.094499e+02
426	4.864936e+11	3.361121e+02
427	2.065270e+11	3.407785e+03
428	2.980976e+11	3.827473e+02
429	4.757976e+11	4.360802e+01
430	3.787100e+11	1.419400e+02
431	5.276180e+11	3.762874e+02
432	3.127169e+11	1.845144e+02
433	4.148628e+11	3.633474e-03
434	5.323054e+11	3.250192e+02
435	5.845542e+11	4.522629e+02
436	3.480050e+11	5.679854e+02
437	4.229998e+11	8.784847e+02
438	5.451548e+11	3.415067e+01
439	3.732825e+11	3.653100e+02
440	3.407868e+11	1.676720e+02
441	5.018293e+11	4.137700e+02
442	4.081023e+11	5.570379e+01
443	6.043922e+11	5.244080e+02
444	5.321122e+11	7.786443e+01
445	3.105591e+11	2.025618e+02
446	2.395371e+11	1.295307e+03
447	3.034561e+11	5.170637e+01
448	3.023033e+11	2.668260e+02
449	3.702918e+11	1.845622e+01
450	4.034931e+11	5.796169e+02
451	4.134045e+11	5.065320e+00
452	3.432407e+11	2.667123e+02
453	4.025946e+11	6.714312e+02
454	4.542739e+11	3.460607e+01
455	2.191106e+11	9.133645e+02
456	3.688848e+11	1.993669e+02
457	3.548602e+11	1.009800e+03
458	3.125148e+11	4.753655e+01
459	3.152349e+11	6.429050e+02
460	3.362902e+11	2.446726e-03
461	3.047763e+11	1.926575e+02
462	3.272901e+11	6.176052e+02
463	3.457014e+11	1.367671e+01
464	3.503904e+11	1.074839e+03
465	3.494079e+11	2.159637e+02
466	3.685773e+11	5.015984e+03
467	3.842202e+11	4.590053e+01
468	2.822186e+11	4.606028e+02
469	3.286620e+11	6.211030e+02
470	5.898684e+11	2.507102e+02
471	2.746764e+11	4.723060e+02
472	4.334133e+11	1.641990e+02
473	3.730158e+11	4.707310e+02
474	4.686513e+11	3.699073e+02
475	3.863157e+11	5.299000e+02
476	1.556153e+11	5.347254e+01
477	3.122968e+11	3.337674e+01
478	7.603732e+11	9.271474e+02
479	2.531132e+11	2.519869e+02
480	3.719024e+11	3.384755e+02
481	3.843216e+11	4.831592e+02
482	1.558850e+11	3.085744e+01
483	4.499974e+11	1.600540e+02
484	2.152096e+11	6.603271e+01
485	3.745719e+11	1.950009e+01
486	2.145695e+11	2.396657e+02
487	4.104622e+11	1.305262e+02
488	6.132984e+11	6.133478e+02
489	3.575909e+11	1.870665e+02
490	2.740773e+11	2.744366e+02
491	3.231000e+11	2.222503e+01
492	2.480496e+11	1.794280e+02
493	4.488709e+11	9.263921e+01
494	6.778579e+11	1.265732e+03
495	3.506506e+11	7.061441e+02
496	3.303396e+11	1.105638e+02
497	2.435418e+11	3.149581e+03
498	4.670962e+11	6.448314e+02
499	6.392494e+11	1.841291e+02
500	4.001635e+11	7.236203e+02
501	2.798723e+11	3.832165e+01
502	3.633043e+11	2.553857e+02
503	2.998374e+11	3.598452e+00
504	1.917639e+11	2.550572e+02
505	4.462345e+11	9.263516e+01
506	3.245652e+11	2.076428e+02
507	1.813890e+11	3.910909e+01
508	3.365818e+11	2.003619e+03
509	3.300629e+11	3.827477e+02
510	2.498316e+11	2.882294e+01
511	3.658090e+11	2.904518e+03
512	2.164448e+11	7.910983e+01
513	4.005993e+11	4.327494e+02
514	5.008280e+11	4.963355e+02
515	4.183433e+11	4.388827e+02
516	4.224088e+11	2.771722e+01
517	4.096638e+11	1.501957e+03
518	2.914456e+11	1.808041e+03
519	2.295803e+11	2.946978e+01
520	2.697633e+11	2.013361e+02
521	2.983859e+11	5.296471e+01
522	5.038148e+11	5.232579e+02
523	5.582817e+11	1.954119e+02
524	4.096251e+11	3.344015e+02
525	4.119158e+11	2.267820e+02
526	4.310837e+11	4.054476e+01
527	3.885890e+11	4.526602e+02
528	2.984129e+11	6.371162e+01
529	3.347619e+11	4.167647e+02
530	2.987056e+11	5.552051e+01
531	3.407198e+11	3.543242e+02
532	4.097585e+11	7.696647e+00
533	4.622833e+11	1.286792e+02
534	3.649847e+11	1.916863e+02
535	4.411569e+11	1.287384e+02
536	3.493091e+11	1.118955e+03
537	3.511915e+11	6.645874e+02
538	3.915561e+11	2.711386e+03
539	3.055055e+11	9.898921e+01
540	2.073886e+11	3.591094e+02
541	3.653045e+11	3.300122e+05
542	3.294357e+11	3.105498e+02
543	2.235549e+11	1.419187e+01
544	4.664701e+11	6.513786e+00
545	4.006783e+11	5.387065e+02
546	2.841055e+11	6.860494e+02
547	3.320253e+11	3.278294e+01
548	1.487976e+11	2.342274e+02
549	3.847411e+11	6.784167e+02
550	4.786349e+11	4.669879e+02
551	2.363703e+11	8.038091e+02
552	1.862371e+11	1.156922e+01
553	2.845049e+11	1.087983e+02
554	2.304696e+11	2.220973e+01
555	3.361761e+11	4.916281e+02
556	2.085092e+11	5.502207e+00
557	3.331177e+11	1.967853e+02
558	3.599509e+11	4.575678e+02
559	3.259453e+11	1.284568e+02
560	4.208036e+11	1.443885e+03
561	3.379081e+11	6.846929e+00
562	2.901478e+11	5.800936e+02
563	3.278598e+11	4.316601e+02
564	3.903995e+11	1.506152e+02
565	3.859164e+11	6.673340e+02
566	3.262235e+11	3.857784e+01
567	4.961437e+11	8.886693e+02
568	4.093428e+11	2.620236e+02
569	2.634684e+11	1.430270e+03
570	4.348446e+11	5.095932e+01
571	2.880600e+11	1.013218e+02
572	5.077344e+11	3.936380e+01
573	4.006996e+11	5.928111e+02
574	4.821511e+11	3.035266e+02
575	2.799097e+11	3.154205e+01
576	2.359364e+11	9.127359e+02
577	5.341865e+11	3.499766e+02
578	5.105354e+11	1.968151e+02
579	2.950451e+11	3.278284e+01
580	2.944840e+11	1.261035e+03
581	2.593227e+11	1.014782e+02
582	2.644339e+11	2.493064e+01
583	1.989944e+11	1.340106e+03
584	3.579927e+11	5.625876e+01
585	3.263382e+11	1.744913e+02
586	3.530106e+11	1.204852e+02
587	6.548310e+11	1.164305e+03
588	1.354889e+11	3.271847e+01
589	4.083619e+11	9.056573e+01
590	3.637410e+11	3.266808e+02
591	6.616780e+11	4.417339e+01
592	3.134150e+11	4.379720e+02
593	2.145639e+11	2.763274e+02
594	4.583334e+11	1.612988e+03
595	2.587139e+11	1.670488e+01
596	6.300460e+11	7.474948e+03
597	2.337423e+11	5.320086e+02
598	2.663471e+11	1.051454e+02
599	3.013845e+11	1.077542e+03
600	2.735946e+11	6.348361e+01
601	4.954519e+11	9.666436e+02
602	5.389575e+11	1.370498e+03
603	2.722001e+11	4.607475e+03
604	3.892580e+11	2.830475e+02
605	3.045879e+11	4.693936e-01
606	4.728709e+11	1.154302e+01
607	3.097540e+11	8.528976e+01
608	3.829804e+11	2.744491e+02
609	3.490315e+11	6.720824e+02
610	6.828156e+11	2.383723e+00
611	3.341108e+11	3.575066e+02
612	2.472774e+11	4.828033e+01
613	4.611549e+11	7.039532e+01
614	5.344606e+11	2.856710e+02
615	3.545285e+11	9.956284e+01
616	1.884914e+11	1.150651e+03
617	4.198029e+11	2.530371e+02
618	2.329258e+11	8.586740e+02
619	3.443668e+11	3.534920e+00
620	2.851704e+11	6.168130e+02
621	3.353487e+11	1.075218e+02
622	2.622971e+11	1.048927e+02
623	3.995791e+11	1.144658e+03
624	1.752549e+11	1.475896e+01
625	2.460235e+11	2.085188e+02
626	4.662998e+11	1.473056e+02
627	4.434610e+11	3.504654e+02
628	1.784695e+11	9.822367e+00
629	2.531460e+11	2.137532e+02
630	2.679547e+11	1.914887e+02
631	4.015495e+11	5.801940e+01
632	3.519396e+11	5.010542e+02
633	2.553353e+11	2.357627e+01
634	3.065773e+11	2.095251e+02
635	4.328192e+11	5.377148e+02
636	4.340502e+11	8.816685e+02
637	2.199171e+11	1.210563e+02
638	2.900147e+11	6.556343e+01
639	4.049148e+11	2.276447e+02
640	2.249259e+11	1.086076e+01
641	3.806868e+11	1.153378e+03
642	1.917864e+11	2.710165e+01
643	2.305872e+11	4.990377e+02
644	3.912651e+11	3.975160e+02
645	3.728657e+11	3.267667e+01
646	4.219629e+11	3.075285e+02
647	4.055008e+11	1.705644e+02
648	4.238610e+11	6.092603e+02
649	1.776703e+11	4.129979e+01
650	5.423045e+11	2.556956e+02
651	3.506800e+11	7.444540e+01
652	3.463481e+11	1.142022e+02
653	2.013455e+11	1.123024e+03
654	4.678816e+11	3.651525e+02
655	7.890364e+11	2.879913e+02
656	1.561249e+11	3.759394e+01
657	5.854848e+11	9.402360e+02
658	2.733946e+11	3.234124e+01
659	4.716039e+11	6.793749e+02
660	2.071060e+11	7.919086e+00
661	2.125580e+11	2.188639e-03
662	3.903576e+11	1.994718e+02
663	5.199724e+11	1.966327e+01
664	2.723124e+11	5.391763e+02
665	4.129586e+11	1.180057e+02
666	3.147554e+11	1.222794e+03
667	3.323347e+11	2.868676e+02
668	2.303948e+11	2.476644e+03
669	2.651762e+11	5.226035e+01
670	4.939370e+11	1.855894e+02
671	2.055570e+11	5.893090e+02
672	3.614031e+11	2.914155e+01
673	4.386862e+11	2.884481e+01
674	1.724577e+11	2.111453e+02
675	4.712236e+11	1.005592e+02
676	4.974823e+11	1.595345e+02
677	1.566118e+11	4.195129e+00
678	6.571245e+11	7.550682e+02
679	3.650292e+11	3.031077e+02
680	4.039559e+11	7.295410e+02
681	2.065086e+11	1.490976e+03
682	3.679168e+11	2.492970e+02
683	5.803410e+11	1.668321e+03
684	3.760069e+11	7.589307e+01
685	1.844377e+11	2.566108e+01
686	3.091801e+11	8.357411e+02
687	2.711866e+11	2.782977e+01
688	4.702326e+11	1.431970e+03
689	4.167527e+11	3.845742e+02
690	2.972114e+11	4.068077e+02
691	2.187951e+11	4.740429e+01
692	3.577832e+11	1.724987e+02
693	2.754985e+11	1.961062e+02
694	3.939011e+11	3.436147e+01
695	4.493084e+11	3.710369e+02
696	4.050075e+11	1.288585e+02
697	4.324752e+11	1.546768e+02
698	5.495256e+11	1.751827e+03
699	3.350763e+11	7.653818e+02
700	1.776476e+11	9.713202e-01
701	4.868398e+11	1.538326e+01
702	2.899922e+11	1.230856e+02
703	3.891432e+11	2.492636e+02
704	1.302109e+11	1.730405e+02
705	3.649363e+11	2.215331e+02
706	3.798700e+11	9.539574e+02
707	2.712270e+11	8.984595e+01
708	2.847908e+11	1.561045e+02
709	2.675691e+11	3.188690e+02
710	2.717798e+11	5.386929e+01
711	2.756422e+11	1.274457e+02
712	1.751065e+11	3.392354e+00
713	3.016466e+11	2.979016e+02
714	2.721867e+11	2.230573e+01
715	7.040458e+11	5.990671e+02
716	2.395311e+11	2.382899e+02
717	2.434601e+11	7.482867e+01
718	3.563911e+11	5.601424e+02
719	3.607707e+11	1.519365e+02
720	3.007263e+11	6.048409e+02
721	3.374404e+11	2.273426e+01
722	4.651173e+11	5.404338e+02
723	4.534943e+11	1.199160e+02
724	3.415792e+11	8.829784e+02
725	4.568275e+11	4.636892e+02
726	2.844575e+11	9.738572e+01
727	4.223791e+11	2.365292e+02
728	3.732033e+11	8.840052e+01
729	2.551748e+11	1.452032e+03
730	4.829448e+11	4.351046e+02
731	4.732304e+11	2.256242e+02
732	6.796944e+11	2.235729e+02
733	5.013496e+11	5.451321e+02
734	2.670946e+11	3.526499e+02
735	3.049228e+11	4.597897e+01
736	1.813816e+11	9.172841e+00
737	3.252564e+11	4.801318e+02
738	4.334490e+11	5.269616e+01
739	2.720716e+11	1.683193e+02
740	1.620832e+11	4.715147e+00
741	2.573205e+11	4.698723e+00
742	2.905453e+11	9.333091e+02
743	5.332803e+11	5.507407e+01
744	3.742969e+11	5.215334e+02
745	2.307548e+11	5.804357e+01
746	4.700078e+11	2.407695e+02
747	2.727425e+11	1.389055e+01
748	3.274658e+11	5.528392e+02
749	3.373942e+11	6.546215e+02
750	2.049475e+11	7.779602e+00
751	5.463589e+11	3.211213e+02
752	3.905034e+11	2.554559e+02
753	4.443732e+11	4.512119e+02
754	3.951292e+11	9.359464e+01
755	3.975678e+11	2.856336e+02
756	2.908031e+11	1.150567e+03
757	3.901225e+11	2.045380e+01
758	2.651023e+11	6.322927e+01
759	1.967798e+11	1.007874e+02
760	2.929113e+11	2.941257e+02
761	2.961698e+11	2.381563e+02
762	3.894433e+11	1.815895e+02
763	2.819242e+11	7.624354e+00
764	2.254219e+11	3.394603e+01
765	3.604106e+11	4.329329e+02
766	3.230760e+11	6.025043e+01
767	2.567793e+11	2.632430e+02
768	4.559846e+11	7.276947e+01
769	4.474673e+11	4.001514e+02
770	3.527241e+11	2.242295e+02
771	3.947447e+11	7.141750e+00
772	3.679714e+11	6.411037e+01
773	2.673810e+11	1.066503e+03
774	4.155379e+11	7.140185e+01
775	3.428210e+11	2.392487e+02
776	3.641119e+11	6.605627e+01
777	3.419982e+11	3.039680e+02
778	3.655097e+11	1.047758e+02
779	2.870619e+11	1.059469e+03
780	4.799604e+11	4.562155e+02
781	4.839995e+11	7.122697e+00
782	2.433088e+11	1.132915e+02
783	2.907997e+11	9.965695e+01
784	3.486198e+11	4.467014e+02
785	6.397359e+11	4.136736e+02
786	2.789254e+11	2.070931e+02
787	3.619484e+11	5.891426e+02
788	1.880805e+11	5.982397e+02
789	3.916204e+11	2.952213e+02
790	3.702802e+11	1.066156e+02
791	2.837877e+11	3.504281e+02
792	3.033905e+11	8.141274e+01
793	2.165360e+11	7.671168e+02
794	2.730465e+11	2.266563e+02
795	4.019953e+11	6.762719e+02
796	4.158998e+11	8.420206e+01
797	2.115634e+11	4.974522e+01
798	4.451589e+11	4.027495e+02
799	2.226979e+11	4.516031e+01
800	2.407653e+11	9.178535e+01
801	2.878301e+11	2.393564e+02
802	2.643119e+11	9.758940e+01
803	3.281890e+11	4.339363e+02
804	3.325351e+11	2.514859e+01
805	4.790669e+11	2.475977e+02
806	3.601773e+11	5.163834e+02
807	1.653553e+11	1.615319e+00
808	6.441370e+11	2.187587e+02
809	1.977288e+11	2.450774e+01
810	2.693082e+11	3.177736e+02
811	4.169700e+11	4.942004e+02
812	2.390672e+11	3.518538e+02
813	2.704468e+11	2.673006e+02
814	6.962348e+11	3.494315e+02
815	2.761883e+11	5.940818e+02
816	4.437965e+11	6.522876e+01
817	2.122818e+11	4.912864e+02
818	5.743102e+11	4.942693e+02
819	5.172604e+11	3.673634e+02
820	3.315337e+11	8.673333e+00
821	2.515220e+11	8.297012e+01
822	4.822346e+11	3.335320e+02
823	3.772010e+11	7.495320e+02
824	2.143169e+11	5.316549e+02
825	6.001658e+11	2.527595e+02
826	4.275817e+11	3.895117e+02
827	3.755808e+11	1.138526e+01
828	4.517850e+11	1.054091e+04
829	2.845502e+11	1.813983e+02
830	2.078855e+11	9.440372e+01
831	5.809937e+11	4.354504e+05
832	2.049741e+11	1.517463e+01
833	3.106706e+11	2.868654e+02
834	3.770568e+11	3.975116e+01
835	4.211561e+11	2.773133e+03
836	2.231449e+11	5.839382e+01
837	2.896920e+11	9.173699e+00
838	5.904404e+11	8.356144e+02
839	2.657284e+11	3.141490e+01
840	4.050393e+11	2.630192e+02
841	3.699382e+11	4.024221e+01
842	3.146822e+11	9.322595e+02
843	3.898344e+11	6.354735e+01
844	4.386636e+11	4.006353e+02
845	3.043400e+11	3.711877e+02
846	4.372451e+11	1.107547e+02
847	2.468326e+11	2.359061e+02
848	3.620755e+11	1.569608e+02
849	2.244736e+11	5.402536e+02
850	2.505489e+11	2.640282e+02
851	1.892243e+11	3.461527e+02
852	2.129757e+11	1.680131e+01
853	3.270214e+11	5.761549e+01
854	4.636703e+11	1.608721e+03
855	2.920994e+11	5.796257e+01
856	3.559911e+11	3.623076e+01
857	2.077478e+11	1.001191e+01
858	3.146540e+11	1.165039e+02
859	2.546627e+11	6.743114e+01
860	3.399733e+11	1.633250e+03
861	3.377578e+11	4.081846e+02
862	2.005009e+11	2.794801e+01
863	3.136286e+11	2.032443e+02
864	4.051747e+11	2.047328e+02
865	2.613137e+11	3.837692e+01
866	4.881480e+11	6.865696e+04
867	3.610253e+11	1.207383e+02
868	2.252090e+11	1.958822e+05
869	4.398657e+11	1.812927e+02
870	2.723478e+11	1.475374e+01
871	4.089884e+11	1.243180e+02
872	2.092985e+11	1.624416e+02
873	3.308619e+11	7.124849e+03
874	2.796440e+11	2.292316e+01
875	4.958689e+11	1.506828e+02
876	2.286151e+11	6.976926e+01
877	5.880461e+11	1.754792e+02
878	3.851314e+11	2.575497e+02
879	2.970158e+11	4.298063e+01
880	1.890695e+11	3.955836e+02
881	3.420875e+11	6.480434e+01
882	3.361600e+11	3.121051e+02
883	5.340574e+11	3.607742e+01
884	2.451699e+11	1.631464e+02
885	2.461094e+11	5.920225e+02
886	8.229167e+11	1.757104e+02
887	2.554753e+11	4.867102e+03
888	3.250108e+11	9.408826e+00
889	1.951926e+11	4.450638e+02
890	2.656590e+11	1.581893e+01
891	3.255436e+11	5.113220e+02
892	3.344240e+11	2.364971e+02
893	4.025014e+11	1.013031e+02
894	2.004400e+11	1.678393e+02
895	1.756265e+11	7.086430e+01
896	3.240749e+11	4.812953e+02
897	2.072922e+11	3.728212e+01
898	4.169403e+11	5.439264e+02
899	2.920960e+11	1.365210e+02
900	6.485558e+11	1.827466e+02
901	3.384095e+11	2.743362e+02
902	4.394161e+11	2.316842e+02
903	3.958235e+11	3.480842e+02
904	3.486883e+11	1.283234e+02
905	2.702183e+11	4.537996e+02
906	2.299878e+11	7.101989e+01
907	1.920089e+11	9.072664e+01
908	3.468737e+11	1.213174e+02
909	1.931883e+11	2.352929e+01
910	3.943080e+11	1.240400e+03
911	5.918625e+11	1.451799e+02
912	4.069975e+11	7.075143e+02
913	2.405746e+11	6.555853e+02
914	1.669583e+11	1.812790e+02
915	4.667278e+11	6.323520e+03
916	3.553675e+11	2.114654e+02
917	3.114019e+11	2.442634e+02
918	6.492757e+11	2.983067e+02
919	2.775457e+11	1.995562e+01
920	4.219514e+11	3.737313e+01
921	4.084548e+11	4.821713e+00
922	3.389732e+11	4.013764e+01
923	3.807395e+11	1.040257e+02
924	4.857841e+11	2.123008e+01
925	2.271920e+11	5.857779e+01
926	4.223631e+11	4.669507e+02
927	2.682713e+11	1.307125e+02
928	3.338372e+11	3.425958e+05
929	3.596901e+11	2.600720e+02
930	3.365475e+11	2.855499e+01
931	3.840093e+11	1.458848e+02
932	2.129884e+11	4.592711e+01
933	2.852239e+11	7.139143e+00
934	3.030290e+11	1.624293e+02
935	2.029567e+11	2.086362e+01
936	3.238822e+11	3.774154e+02
937	3.556258e+11	2.027220e+02
938	3.177632e+11	7.683639e+02
939	1.843088e+11	2.029164e+01
940	1.775851e+11	3.529961e+02
941	3.046970e+11	1.278818e+03
942	3.272117e+11	4.672556e+01
943	2.003572e+11	9.048715e+00
944	1.483025e+11	3.277216e+00
945	4.327303e+11	2.874869e+02
946	4.278809e+11	5.054010e+02
947	4.796153e+11	4.096891e+01
948	2.521439e+11	2.953484e+01
949	5.081277e+11	6.706882e+01
950	7.601930e+11	8.848453e+02
951	5.890828e+11	1.055586e+03
952	5.061508e+11	1.285083e+03
953	4.511267e+11	2.599758e+02
954	2.913346e+11	4.598499e+02
955	2.048784e+11	1.121388e+01
956	4.291667e+11	4.598573e+02
957	2.610741e+11	4.138388e+02
958	3.275525e+11	1.972615e+01
959	6.275380e+11	1.039911e+03
960	3.480524e+11	5.998817e+02
961	6.322928e+11	2.315194e+03
962	1.834705e+11	5.311649e+01
963	3.472219e+11	2.727249e+02
964	2.636644e+11	1.566921e+01
965	3.814381e+11	7.357928e+01
966	3.499373e+11	4.277111e+02
967	3.593585e+11	7.608488e+00
968	3.670071e+11	5.867256e+02
969	4.321595e+11	1.803757e+02
970	3.210909e+11	2.794377e+02
971	6.163505e+11	6.397498e+02
972	2.879664e+11	1.329230e+02
973	4.860654e+11	2.484077e+02
974	4.456342e+11	1.882180e+02
975	5.670188e+11	3.289893e+02
976	4.101301e+11	5.142859e+01
977	3.342339e+11	2.354739e+02
978	3.974515e+11	3.575484e+01
979	4.287852e+11	2.140611e+02
980	3.869949e+11	1.711670e+02
981	4.776106e+11	2.045771e+02
982	2.352327e+11	1.693145e+02
983	4.932463e+11	2.065141e+02
984	2.361906e+11	2.724645e+03
985	3.639333e+11	3.099118e+02
986	2.628144e+11	2.643459e+02
987	4.102824e+11	2.683632e+01
988	4.128074e+11	3.210276e+02
989	2.959794e+11	2.431856e+02
990	2.974552e+11	5.793698e+02
991	3.513740e+11	6.640096e+02
992	2.567675e+11	3.804598e-01
993	5.022525e+11	2.770856e+02
994	3.577973e+11	9.557885e+02
995	4.379078e+11	7.593679e+01
996	5.124574e+11	4.401000e+02
997	3.475749e+11	2.020830e+02
998	3.841654e+11	5.626392e+01
999	5.751833e+11	6.814520e+01
1000	4.423825e+11	4.611728e+01
1001	3.640274e+11	9.795743e+01
1002	5.501727e+11	2.235507e+01
1003	2.933241e+11	7.117574e+02
1004	3.016384e+11	3.558970e+01
1005	2.515566e+11	1.668736e+01
1006	2.998092e+11	2.548372e+02
1007	3.962824e+11	4.965045e+01
1008	3.107166e+11	2.702974e+02
1009	3.174814e+11	3.347747e+02
1010	4.948276e+11	7.527922e+02
1011	3.528153e+11	6.030921e+01
1012	4.761471e+11	3.799330e+02
1013	3.905839e+11	5.235314e+02
1014	6.916062e+11	7.594267e+01
1015	6.780828e+11	1.736838e+02
1016	3.371626e+11	3.394779e+02
1017	2.631958e+11	9.869485e+02
1018	2.371935e+11	1.103339e+02
1019	3.616933e+11	2.029924e+02
1020	4.448208e+11	1.815855e+02
1021	3.094963e+11	3.708873e+01
1022	5.816386e+11	1.430347e+02
1023	3.762644e+11	8.168708e+00
