# Index	M_int	Con
0	8.886778e+09	5.463161e+02
1	4.091061e+10	7.591668e+01
2	3.222513e+10	3.023289e+02
3	4.465756e+10	1.051948e+02
4	1.200907e+10	5.751702e+02
5	4.574176e+10	5.988382e+02
6	4.500228e+10	7.096577e+01
7	2.513927e+10	8.307015e+02
8	3.073966e+10	1.071403e+02
9	1.337299e+10	3.445132e+02
10	2.314491e+10	6.860957e+01
11	6.701506e+08	6.043402e+02
12	4.627338e+09	2.434308e+02
13	3.265261e+10	3.767802e+02
14	1.894804e+09	2.627349e+02
15	1.822118e+10	1.529844e+01
16	1.398800e+10	7.846866e+02
17	9.360683e+09	5.881625e+01
18	7.289775e+08	5.677791e+02
19	1.846962e+10	3.170362e-03
20	9.290762e+09	8.188612e+02
21	8.950840e+09	3.837175e+02
22	3.930527e+10	1.063361e+01
23	1.929581e+10	5.013611e+02
24	2.215263e+10	1.825222e+01
25	1.896144e+10	3.210938e+02
26	2.707745e+10	1.948076e+00
27	8.851049e+09	7.023102e+02
28	7.137075e+10	4.644954e+01
29	4.668039e+10	1.318120e+02
30	9.496605e+09	3.871336e+02
31	3.021088e+10	7.041912e+01
32	8.737970e+08	1.498368e+02
33	3.452152e+09	2.697069e+02
34	4.542688e+10	4.064602e+01
35	2.727152e+09	3.793886e+02
36	6.729843e+08	2.760140e+02
37	8.537662e+10	1.263139e+02
38	4.265647e+10	1.918382e+02
39	4.463415e+10	3.749102e+02
40	7.620266e+09	4.716447e+03
41	2.325359e+10	1.396873e+02
42	5.516281e+08	4.724935e+02
43	1.052029e+10	8.905612e+00
44	1.184865e+10	3.180772e+03
45	3.044715e+10	5.236918e+02
46	8.304422e+09	7.381281e+01
47	6.928910e+08	4.769960e+02
48	6.903509e+09	4.890139e+01
49	6.376806e+09	5.268372e+02
50	1.714337e+10	2.145533e+02
51	3.332786e+10	3.578615e+02
52	3.195037e+10	5.852225e+01
53	3.983115e+10	1.197004e+02
54	3.939187e+08	2.129548e+02
55	9.577725e+09	6.726323e+01
56	7.858636e+08	1.046628e+02
57	2.944605e+10	7.347831e+01
58	1.400138e+10	2.060744e+02
59	8.756571e+09	1.973350e+02
60	1.881918e+10	1.181446e+02
61	1.287253e+10	5.947446e+01
62	3.899371e+10	3.552253e+01
63	4.025062e+09	2.548781e+02
64	6.667908e+10	3.516204e+01
65	3.550585e+10	2.304827e+02
66	4.267284e+10	1.669331e+02
67	2.093857e+10	7.906286e+01
68	1.348915e+11	1.369146e+01
69	1.955026e+10	5.209438e+02
70	6.563879e+09	2.145520e+02
71	8.655593e+10	1.203047e+02
72	9.572921e+08	2.051348e+02
73	8.602221e+09	5.689133e+01
74	3.070082e+08	6.959819e+02
75	1.622591e+10	2.513556e+02
76	8.462379e+08	2.279413e+02
77	1.692396e+09	1.992939e+02
78	1.465889e+10	1.119312e+01
79	1.853442e+10	1.290721e+02
80	7.237858e+09	5.450650e+01
81	4.943257e+10	2.619492e+02
82	3.529737e+10	9.813560e+01
83	1.713930e+10	3.058206e+02
84	2.761946e+10	7.169638e+01
85	7.755308e+09	2.542578e+01
86	3.491323e+10	1.129104e+02
87	1.558912e+10	9.783189e+01
88	2.596893e+10	4.018855e+02
89	5.229005e+10	3.385180e+01
90	1.483878e+10	4.835438e+02
91	2.292557e+10	2.744904e+01
92	2.607607e+10	7.324749e+01
93	4.144695e+10	6.220345e+02
94	1.991266e+10	1.256062e+02
95	3.075968e+10	1.252093e+03
96	4.964894e+10	3.276132e+00
97	5.004516e+10	1.183092e+02
98	2.203396e+10	6.533248e+02
99	1.474888e+09	5.684393e+02
100	2.519538e+10	7.517553e+02
101	5.408652e+10	2.870415e+02
102	6.756330e+08	3.750013e+02
103	8.076365e+09	8.570062e+01
104	2.275648e+10	3.292703e+01
105	2.548319e+09	3.386011e+02
106	1.314227e+10	3.500779e+00
107	6.650272e+10	4.365528e+02
108	1.099195e+10	7.890237e+01
109	3.815020e+10	1.643691e+02
110	2.309987e+10	2.758134e+02
111	1.448200e+10	2.293089e+01
112	1.148472e+09	4.831667e+02
113	2.102060e+10	7.862317e+00
114	2.626791e+10	6.226362e+01
115	1.019005e+10	1.550599e+00
116	2.583149e+10	1.056819e+03
117	1.464623e+10	3.562265e+02
118	4.965674e+09	1.781550e+01
119	6.997971e+09	3.274567e+02
120	5.913601e+09	6.491885e+01
121	1.126863e+09	2.276437e+02
122	3.674361e+10	6.510761e+02
123	8.754077e+09	7.719185e+01
124	4.599357e+10	3.897041e+01
125	2.083593e+10	1.066668e+01
126	3.889910e+10	4.417968e+02
127	3.204097e+10	5.959796e+01
128	5.673588e+10	2.899141e+02
129	4.267216e+10	3.489108e+02
130	3.930832e+10	2.238819e+02
131	1.531396e+10	2.307445e+02
132	3.419868e+10	4.795895e+02
133	1.350892e+09	4.052440e+02
134	1.234621e+11	1.531508e+02
135	4.132988e+09	4.606622e+01
136	4.078512e+10	2.810169e+01
137	2.079383e+09	3.274657e+02
138	4.905854e+10	5.717548e+01
139	1.635691e+09	5.782075e+02
140	8.325864e+09	8.786914e+01
141	3.151280e+09	2.520377e+01
142	1.856767e+10	3.036072e+02
143	1.317508e+10	4.575355e+02
144	4.190776e+10	1.416443e+02
145	9.978509e+09	3.207470e+01
146	1.866657e+09	1.465106e+02
147	1.143454e+10	7.339069e+01
148	3.180234e+10	1.109723e+02
149	4.194037e+10	4.596020e+02
150	2.627238e+10	1.362760e+01
151	5.963940e+08	2.956937e+02
152	2.886204e+10	9.130952e+01
153	1.785094e+10	3.173207e+02
154	2.253213e+10	8.512645e+01
155	1.210148e+10	4.474578e+02
156	4.583973e+10	8.911963e+00
157	6.051359e+10	1.402119e+02
158	8.014834e+09	6.764595e+02
159	4.665576e+10	5.817865e+01
160	6.381959e+09	2.785436e+03
161	3.072200e+10	2.267067e+02
162	6.713650e+09	1.215875e+02
163	4.275201e+08	2.761049e+02
164	6.665985e+10	8.267038e+00
165	5.530103e+10	5.814382e+00
166	2.688643e+10	2.521437e+02
167	9.780205e+10	2.100502e+00
168	2.157876e+10	1.379752e+02
169	1.042753e+10	3.553749e+01
170	1.455657e+10	1.451586e+03
171	2.700545e+10	1.387440e+02
172	1.125024e+10	5.758372e+02
173	4.196161e+10	6.554049e+01
174	1.827239e+10	8.159937e+01
175	3.064775e+10	6.145002e+02
176	1.864324e+10	1.129895e+02
177	2.678877e+10	3.997118e+02
178	1.567624e+10	9.425562e+01
179	4.709333e+08	1.306893e+02
180	3.431009e+10	4.106270e+02
181	3.754301e+10	5.361210e+01
182	9.605527e+09	4.023062e+02
183	3.673443e+10	1.910940e+02
184	2.708488e+10	8.178926e+02
185	5.848137e+09	1.711699e+02
186	3.591571e+10	3.300471e+02
187	3.867101e+10	3.230527e+01
188	1.135928e+10	1.757569e+02
189	3.213261e+09	1.455296e+02
190	4.118059e+10	4.375274e+02
191	3.359305e+10	1.092261e+03
192	2.440484e+10	4.350991e+02
193	3.981058e+10	6.877583e+01
194	4.139209e+10	6.048454e+00
195	2.296534e+10	4.936360e+02
196	1.454772e+10	1.616068e+03
197	6.986530e+08	4.892935e+02
198	2.083808e+10	1.341281e+02
199	3.348342e+10	2.728599e+02
200	1.293577e+10	6.329984e+02
201	2.246921e+10	4.975916e+02
202	1.593425e+09	1.848803e+02
203	1.115921e+10	9.232010e+00
204	3.440504e+10	1.956002e+02
205	1.026848e+10	1.450489e+02
206	1.548942e+10	2.577312e+01
207	7.996666e+08	7.350083e+01
208	1.766895e+10	2.387761e+01
209	1.291517e+10	7.660458e+02
210	3.849339e+10	1.999004e+02
211	6.108578e+10	3.112613e+02
212	7.510095e+09	2.111289e+02
213	6.985757e+09	6.948326e+01
214	9.265431e+09	7.136490e+02
215	2.306578e+10	2.140835e+02
216	3.091796e+10	1.727071e+03
217	5.068796e+10	1.596243e+02
218	1.146762e+10	6.094009e+01
219	6.027406e+08	1.542981e+02
220	2.056308e+10	5.228567e+02
221	3.682565e+10	6.965116e+02
222	3.819900e+10	5.298146e+01
223	6.249217e+09	5.772300e+02
224	5.545391e+10	3.905614e+02
225	8.664434e+10	8.274087e+01
226	2.605866e+10	3.885208e+02
227	3.487875e+10	3.186434e+03
228	3.194989e+10	4.267178e+02
229	3.000842e+10	5.506037e+02
230	2.619248e+10	7.443742e+01
231	2.817357e+10	1.532991e+03
232	4.764550e+10	2.036654e+01
233	1.916157e+10	6.132277e+02
234	1.403402e+10	2.897511e+02
235	3.413035e+10	2.138545e+02
236	1.244546e+10	5.025169e+01
237	2.570791e+10	7.091337e+02
238	8.531698e+09	5.470511e+02
239	1.438391e+10	1.166869e+01
240	3.149810e+10	5.680503e+02
241	2.027692e+10	1.068797e+02
242	9.367083e+09	3.518986e+02
243	4.949938e+09	1.363755e+01
244	1.822449e+09	3.327041e+02
245	1.003595e+09	2.158868e+02
246	2.067910e+10	1.511422e+02
247	3.244830e+10	3.361267e+02
248	3.133886e+10	5.421087e+01
249	1.998435e+10	1.410293e+02
250	2.763185e+10	1.348794e+02
251	9.378308e+09	1.581803e+02
252	3.942615e+10	3.174291e+02
253	1.446014e+10	3.224258e+01
254	8.851553e+09	1.804289e+02
255	1.589026e+10	6.173790e+02
256	1.745780e+10	6.850190e+02
257	2.028594e+10	2.757353e+02
258	2.056441e+10	8.272764e+01
259	3.871647e+09	1.512999e+02
260	3.405561e+10	9.207624e+01
261	5.238943e+09	1.168938e+01
262	5.682150e+09	3.135426e+02
263	2.344718e+10	1.298419e+00
264	1.309355e+10	2.409425e+03
265	9.067613e+10	3.396085e+01
266	1.310763e+10	3.660059e+02
267	4.496805e+10	3.728234e+01
268	3.654321e+10	3.127985e+02
269	4.155530e+08	6.789384e+02
270	2.573737e+10	2.849181e+02
271	1.808471e+10	4.851974e+02
272	6.371409e+10	1.083995e+02
273	1.805738e+09	3.726415e+05
274	4.806912e+10	7.302777e+00
275	1.229211e+09	2.796695e+02
276	9.665984e+10	5.873449e+01
277	3.484045e+10	2.740791e+02
278	2.525902e+10	8.563235e+02
279	3.409793e+10	1.298466e+01
280	3.325026e+10	9.058721e+02
281	2.161955e+10	2.909824e-03
282	7.633168e+09	6.482084e+02
283	1.697878e+10	3.546857e+02
284	3.487052e+10	3.057585e+02
285	1.891092e+10	1.178397e+03
286	1.526725e+10	2.016527e+02
287	1.069677e+09	1.012548e+03
288	1.289776e+10	2.075695e+02
289	8.055415e+09	2.730439e+01
290	2.182023e+10	6.787972e+02
291	1.577663e+10	1.514167e-01
292	7.701635e+08	6.129885e+02
293	5.601980e+08	3.656093e+02
294	6.939335e+09	1.594260e+01
295	4.596205e+08	1.376098e+03
296	2.179210e+10	2.314412e+01
297	1.187141e+10	7.489645e+01
298	8.090888e+10	4.377730e+02
299	2.903502e+10	2.143017e+01
300	3.446211e+10	4.127927e+01
301	1.898558e+10	7.567856e+01
302	2.290355e+10	2.323271e+02
303	5.668747e+10	1.765224e+01
304	1.632082e+10	2.922498e+02
305	2.940802e+10	3.509727e+02
306	1.882576e+10	3.005784e+02
307	2.276249e+10	3.484023e+01
308	4.172727e+10	1.423811e+03
309	2.941857e+10	6.189781e+02
310	4.647826e+10	1.422247e+02
311	8.504290e+09	5.071658e+02
312	5.102565e+10	1.485746e+02
313	6.727634e+08	1.110912e+03
314	7.156433e+09	5.494619e+01
315	4.905262e+10	5.500246e+02
316	1.886423e+10	6.163802e+01
317	4.509788e+10	1.389098e+01
318	2.911609e+10	1.813093e+02
319	1.614434e+10	1.746347e+02
320	1.969997e+09	2.011465e+02
321	1.760787e+10	5.058514e+01
322	1.646919e+09	2.089328e+02
323	1.859600e+10	1.197077e+02
324	5.831393e+10	3.955862e+02
325	4.622601e+09	2.885424e+02
326	2.603530e+10	9.527818e+01
327	5.249255e+10	3.624856e+02
328	7.757401e+09	1.068139e+01
329	6.435474e+10	2.658694e+02
330	2.300175e+10	1.347014e+01
331	2.039022e+09	7.044012e+02
332	6.823226e+10	4.407838e+01
333	1.554726e+10	2.464045e+02
334	2.344076e+10	4.330424e+02
335	2.413395e+10	6.284526e+01
336	1.077622e+10	2.913284e+03
337	4.902992e+10	7.037150e+01
338	1.441645e+10	2.605363e+02
339	5.749130e+10	3.565728e+01
340	2.207315e+10	4.596870e+02
341	1.269468e+10	5.444331e+01
342	1.494383e+10	6.056850e+01
343	1.608145e+10	6.301378e+02
344	2.878301e+10	4.498469e+02
345	1.734038e+10	5.630186e+02
346	1.822027e+10	8.991892e+01
347	1.658696e+10	5.489518e+02
348	6.124751e+09	1.386703e+02
349	2.192025e+10	2.826490e+02
350	4.404504e+09	2.898257e+02
351	1.463869e+10	5.685490e+01
352	2.571693e+10	8.075393e+02
353	6.354567e+08	2.356217e+02
354	7.920408e+09	7.582458e+01
355	2.388220e+10	4.456853e+02
356	7.573833e+09	7.316483e+00
357	2.723031e+10	7.187958e+01
358	9.692230e+09	9.079406e+02
359	6.343104e+09	4.350766e+01
360	4.839713e+10	1.370310e+02
361	3.951600e+10	1.406632e+02
362	8.312951e+08	2.161577e+02
363	1.003787e+10	2.268111e+02
364	2.672381e+10	8.722369e+02
365	4.617920e+10	6.136761e+00
366	1.798282e+09	6.540375e+02
367	3.130899e+10	1.193551e+02
368	1.869112e+10	3.182256e+02
369	2.216408e+10	3.453679e+05
370	8.869521e+10	3.251560e+02
371	5.223061e+10	2.960146e+02
372	7.581321e+10	1.605614e+02
373	1.124718e+10	9.048238e+00
374	7.905452e+09	2.965397e+02
375	2.103551e+10	2.072071e+02
376	8.148725e+09	2.251268e+02
377	8.454719e+09	8.071654e+01
378	2.360950e+09	3.818490e+02
379	1.063607e+10	3.147341e+01
380	1.278546e+10	1.036014e+03
381	1.419953e+09	1.116561e+03
382	8.765260e+09	1.442145e+02
383	2.445861e+10	2.201650e+02
384	3.390476e+10	4.271695e+02
385	1.353741e+10	6.005052e+02
386	5.773587e+10	3.133582e+02
387	3.595939e+10	3.181224e+02
388	1.641157e+10	5.685818e+01
389	9.219506e+09	4.282290e+01
390	2.154444e+10	2.554902e+02
391	1.757532e+10	2.178585e+01
392	4.826708e+10	9.387347e+02
393	7.247252e+10	1.205833e+01
394	1.222801e+10	2.150761e+02
395	3.005633e+10	3.083399e+01
396	3.704801e+10	1.671050e+02
397	9.484157e+09	3.184246e+05
398	1.585236e+10	1.717580e+01
399	1.967219e+10	1.029794e+02
400	5.632743e+10	7.802025e+02
401	1.927965e+09	6.722649e+01
402	3.806578e+10	2.600557e+01
403	3.044454e+10	2.155598e+02
404	1.696093e+10	4.894078e+02
405	2.987479e+10	7.959239e+01
406	1.119408e+10	2.082243e+02
407	3.224312e+10	8.723143e+01
408	3.490016e+09	6.419075e+02
409	2.635903e+10	8.654016e+01
410	3.273022e+08	5.740743e+02
411	6.921514e+09	3.986425e+01
412	3.431513e+10	1.839422e+02
413	4.015799e+09	1.153197e+02
414	3.163961e+10	2.841978e+02
415	1.098943e+09	3.792758e+02
416	1.573567e+10	2.422326e+01
417	1.406009e+10	6.167879e+01
418	1.516498e+10	4.791464e+02
419	1.273155e+10	3.798366e+01
420	5.842972e+10	6.047635e+01
421	3.512018e+09	2.351017e+02
422	2.176491e+10	3.386205e+02
423	2.092443e+10	7.095411e+02
424	1.861902e+10	9.734728e+01
425	2.946670e+09	3.094499e+02
426	1.820970e+10	3.361121e+02
427	4.922533e+09	3.407785e+03
428	1.567410e+10	3.827473e+02
429	2.003056e+10	4.360802e+01
430	5.079110e+10	1.419400e+02
431	1.844433e+10	3.762874e+02
432	3.607421e+10	1.845144e+02
433	5.369572e+10	4.258807e-03
434	3.255560e+10	3.250192e+02
435	5.841564e+10	4.522629e+02
436	5.263980e+09	5.679854e+02
437	5.340356e+09	8.784847e+02
438	4.752493e+10	3.415067e+01
439	2.786540e+10	3.653100e+02
440	7.135910e+09	1.676720e+02
441	1.518141e+10	4.137700e+02
442	2.756904e+10	5.570379e+01
443	7.922337e+09	5.244079e+02
444	4.739277e+10	7.786443e+01
445	2.728285e+10	2.025618e+02
446	3.817224e+09	1.295307e+03
447	1.056919e+10	5.170637e+01
448	2.066058e+10	2.668260e+02
449	1.639537e+10	1.845622e+01
450	9.394858e+09	5.796169e+02
451	4.330175e+10	5.065320e+00
452	2.903255e+10	2.667123e+02
453	1.409394e+10	6.714312e+02
454	2.884576e+10	3.460607e+01
455	6.815164e+08	9.133645e+02
456	2.070577e+10	1.993669e+02
457	2.241639e+10	1.009800e+03
458	1.483207e+10	4.753655e+01
459	5.189948e+09	6.429050e+02
460	5.924504e+10	2.428698e-03
461	2.493782e+10	1.926575e+02
462	1.801032e+10	6.176052e+02
463	7.040938e+10	1.367671e+01
464	1.557534e+10	1.074839e+03
465	5.015253e+10	2.159637e+02
466	2.433805e+09	5.015984e+03
467	2.447237e+10	4.590053e+01
468	2.183380e+10	4.606028e+02
469	2.753948e+10	6.211030e+02
470	7.150455e+10	2.507102e+02
471	1.922764e+10	4.723060e+02
472	3.190406e+10	1.641990e+02
473	5.663980e+09	4.707310e+02
474	2.824137e+10	3.699073e+02
475	1.058177e+10	5.299000e+02
476	6.547457e+09	5.347254e+01
477	1.241262e+10	3.337674e+01
478	1.838810e+10	9.271474e+02
479	1.068455e+10	2.519869e+02
480	1.893284e+10	3.384755e+02
481	2.177082e+10	4.831592e+02
482	5.310357e+09	3.085744e+01
483	1.850716e+10	1.600540e+02
484	2.455008e+10	6.603271e+01
485	2.640531e+10	1.950009e+01
486	4.320530e+09	2.396657e+02
487	2.598555e+10	1.305262e+02
488	4.794397e+10	6.133478e+02
489	2.472238e+10	1.870665e+02
490	9.508120e+08	2.744366e+02
491	4.758177e+10	2.222503e+01
492	3.158318e+10	1.794280e+02
493	1.289598e+10	9.263921e+01
494	6.989186e+10	1.265732e+03
495	1.018515e+10	7.061441e+02
496	4.049782e+10	1.105638e+02
497	1.920014e+10	3.149581e+03
498	2.913448e+10	6.448314e+02
499	1.128808e+09	1.841291e+02
500	7.208967e+10	7.236203e+02
501	3.535011e+10	3.832165e+01
502	2.037898e+10	2.553857e+02
503	3.644103e+10	3.598452e+00
504	7.106170e+09	2.550572e+02
505	3.249594e+10	9.263516e+01
506	2.222441e+10	2.076428e+02
507	8.547682e+09	3.910909e+01
508	1.513697e+09	2.003619e+03
509	2.463852e+10	3.827477e+02
510	1.242826e+10	2.882294e+01
511	9.059578e+09	2.904518e+03
512	9.069899e+09	7.910983e+01
513	1.086592e+10	4.327494e+02
514	5.702742e+10	4.963355e+02
515	2.026035e+10	4.388827e+02
516	6.804770e+10	2.771722e+01
517	3.935122e+09	1.501957e+03
518	2.336013e+10	1.808041e+03
519	2.086622e+10	2.946978e+01
520	1.866216e+10	2.013361e+02
521	6.292068e+09	5.296471e+01
522	7.421737e+08	5.232579e+02
523	1.955424e+10	1.954119e+02
524	4.338707e+10	3.344015e+02
525	1.299291e+10	2.267820e+02
526	4.054980e+10	4.054476e+01
527	4.259581e+09	4.526602e+02
528	1.597917e+10	6.371162e+01
529	2.455849e+10	4.167647e+02
530	7.211345e+09	5.552051e+01
531	2.153448e+10	3.543242e+02
532	3.128602e+10	7.696647e+00
533	2.297309e+10	1.286792e+02
534	1.387350e+10	1.916863e+02
535	4.846924e+10	1.287384e+02
536	2.468318e+10	1.118955e+03
537	8.774388e+09	6.645874e+02
538	8.353574e+09	2.711386e+03
539	1.470370e+10	9.898921e+01
540	1.279422e+10	3.591094e+02
541	6.248141e+10	3.300122e+05
542	2.386397e+10	3.105498e+02
543	6.306996e+09	1.419187e+01
544	8.124516e+10	6.513786e+00
545	4.747556e+10	5.387065e+02
546	5.754543e+09	6.860494e+02
547	4.117889e+10	3.278294e+01
548	6.769137e+09	2.342274e+02
549	1.346028e+10	6.784167e+02
550	2.494069e+10	4.669879e+02
551	1.175255e+10	8.038091e+02
552	1.115755e+10	1.156922e+01
553	3.685900e+08	1.087983e+02
554	1.237383e+10	2.220973e+01
555	2.535244e+10	4.916281e+02
556	1.174837e+10	5.502207e+00
557	1.295088e+10	1.967853e+02
558	9.304337e+08	4.575678e+02
559	1.577647e+10	1.284568e+02
560	1.660670e+10	1.443882e+03
561	4.192084e+10	6.846929e+00
562	4.195171e+10	5.800936e+02
563	2.660254e+10	4.316601e+02
564	1.946935e+09	1.506152e+02
565	5.702980e+09	6.673340e+02
566	7.884456e+09	3.857784e+01
567	1.055865e+10	8.886693e+02
568	1.460031e+10	2.620236e+02
569	3.931576e+09	1.430270e+03
570	7.206006e+10	5.095932e+01
571	2.318877e+10	1.013218e+02
572	3.961425e+10	3.936380e+01
573	3.139140e+10	5.928111e+02
574	1.162926e+10	3.035266e+02
575	4.841848e+10	3.154205e+01
576	3.016874e+10	9.127359e+02
577	6.777561e+10	3.499766e+02
578	5.624717e+09	1.968151e+02
579	2.970863e+10	3.278284e+01
580	1.586573e+10	1.261035e+03
581	2.954975e+10	1.014782e+02
582	1.167082e+10	2.493064e+01
583	1.296079e+10	1.340106e+03
584	7.340462e+10	5.625876e+01
585	1.191494e+09	1.744913e+02
586	3.785730e+10	1.204852e+02
587	3.183738e+10	1.164305e+03
588	7.338669e+09	3.271847e+01
589	2.349235e+10	9.056573e+01
590	3.277652e+08	3.266808e+02
591	5.244262e+10	4.417339e+01
592	3.071961e+10	4.379720e+02
593	1.160122e+10	2.763274e+02
594	1.473399e+09	1.612988e+03
595	1.493191e+10	1.670488e+01
596	4.646794e+10	7.474948e+03
597	1.252903e+10	5.320086e+02
598	2.494751e+10	1.051454e+02
599	4.102586e+08	1.077542e+03
600	6.791984e+09	6.348361e+01
601	3.118156e+10	9.666415e+02
602	3.416184e+10	1.370498e+03
603	1.646189e+10	4.607475e+03
604	1.233723e+09	2.830475e+02
605	6.541437e+10	4.693838e-01
606	7.056462e+10	1.154302e+01
607	2.409903e+10	8.528976e+01
608	2.977702e+09	2.744491e+02
609	1.388262e+10	6.720824e+02
610	8.983867e+10	2.383723e+00
611	4.706295e+09	3.575066e+02
612	5.646306e+10	4.828033e+01
613	3.756193e+10	7.039532e+01
614	5.658088e+09	2.856710e+02
615	7.078786e+08	9.956284e+01
616	2.391022e+10	1.150651e+03
617	3.691572e+10	2.530371e+02
618	1.270300e+10	8.586740e+02
619	1.654309e+10	3.534920e+00
620	1.843352e+10	6.168130e+02
621	3.014451e+09	1.075218e+02
622	1.510390e+10	1.048927e+02
623	1.425558e+10	1.144658e+03
624	2.597653e+10	1.475896e+01
625	6.305999e+09	2.085188e+02
626	3.374373e+10	1.473056e+02
627	5.668414e+09	3.504654e+02
628	1.638632e+10	9.822367e+00
629	1.183685e+10	2.137532e+02
630	1.003346e+10	1.914887e+02
631	1.542747e+10	5.801940e+01
632	9.144243e+09	5.010542e+02
633	2.839114e+10	2.357627e+01
634	2.384350e+10	2.095251e+02
635	4.566570e+10	5.377148e+02
636	1.698946e+10	8.816685e+02
637	2.742000e+10	1.210563e+02
638	2.384141e+10	6.556343e+01
639	2.345140e+10	2.276447e+02
640	2.628841e+10	1.086076e+01
641	2.850863e+10	1.153378e+03
642	1.407441e+10	2.710165e+01
643	2.459989e+09	4.990377e+02
644	1.258739e+10	3.975160e+02
645	5.045993e+10	3.267667e+01
646	3.806680e+10	3.075285e+02
647	6.769881e+09	1.705644e+02
648	2.441967e+10	6.092603e+02
649	1.876302e+10	4.129979e+01
650	2.317097e+09	2.556956e+02
651	1.122993e+10	7.444540e+01
652	2.534992e+10	1.142022e+02
653	6.931996e+09	1.123024e+03
654	7.312807e+09	3.651525e+02
655	5.171152e+08	2.879913e+02
656	1.738940e+10	3.759394e+01
657	5.761580e+10	9.402359e+02
658	3.227594e+10	3.234124e+01
659	2.674669e+10	6.793749e+02
660	1.752183e+10	7.919086e+00
661	1.450334e+10	2.188732e-03
662	2.224402e+09	1.994718e+02
663	4.449895e+10	1.966327e+01
664	1.932800e+10	5.391763e+02
665	2.955062e+10	1.180057e+02
666	2.892887e+10	1.222794e+03
667	3.471711e+10	2.868676e+02
668	6.447118e+09	2.476644e+03
669	3.022259e+10	5.226035e+01
670	2.165149e+10	1.855894e+02
671	4.266238e+09	5.893090e+02
672	5.586711e+10	2.914155e+01
673	3.521482e+10	2.884481e+01
674	1.581524e+10	2.111453e+02
675	4.748306e+10	1.005592e+02
676	3.450933e+09	1.595345e+02
677	1.603075e+10	4.195127e+00
678	1.123502e+09	7.550682e+02
679	2.988484e+09	3.031077e+02
680	2.145950e+10	7.295410e+02
681	5.608615e+08	1.490976e+03
682	1.929996e+10	2.492970e+02
683	2.038512e+10	1.668321e+03
684	2.364872e+10	7.589307e+01
685	7.739364e+09	2.566108e+01
686	1.363952e+10	8.358555e+02
687	1.002255e+10	2.782977e+01
688	1.205276e+10	1.431972e+03
689	2.252268e+10	3.845742e+02
690	1.274918e+10	4.068077e+02
691	7.530180e+09	4.740429e+01
692	4.743665e+08	1.724987e+02
693	4.007096e+09	1.961062e+02
694	2.051525e+10	3.436147e+01
695	7.421246e+08	3.710369e+02
696	1.992064e+10	1.288585e+02
697	2.421809e+10	1.546768e+02
698	1.603337e+10	1.751827e+03
699	2.367120e+10	7.653818e+02
700	1.721192e+10	9.713171e-01
701	3.969903e+10	1.538326e+01
702	1.608771e+10	1.230856e+02
703	3.782815e+10	2.492636e+02
704	1.014509e+10	1.730405e+02
705	5.218887e+10	2.215331e+02
706	2.376482e+10	9.539574e+02
707	3.883071e+10	8.984595e+01
708	3.823256e+10	1.561045e+02
709	1.319907e+10	3.188690e+02
710	3.342990e+10	5.386929e+01
711	1.136356e+10	1.274457e+02
712	3.071057e+10	3.392354e+00
713	2.347746e+10	2.979016e+02
714	1.017147e+10	2.230573e+01
715	1.432532e+09	5.990671e+02
716	4.351261e+09	2.382899e+02
717	3.581798e+09	7.482867e+01
718	1.374063e+10	5.601424e+02
719	2.114457e+10	1.519365e+02
720	1.781985e+10	6.048409e+02
721	1.896051e+10	2.273426e+01
722	4.231561e+10	5.404338e+02
723	1.303700e+10	1.199160e+02
724	8.387756e+09	8.829784e+02
725	3.994151e+10	4.636892e+02
726	7.508427e+09	9.738572e+01
727	5.521313e+09	2.365292e+02
728	2.768427e+10	8.840052e+01
729	2.310905e+10	1.452032e+03
730	6.072396e+09	4.351046e+02
731	6.877638e+09	2.256242e+02
732	7.926522e+10	2.235729e+02
733	1.795029e+10	5.451321e+02
734	1.485589e+10	3.526499e+02
735	2.319941e+10	4.597897e+01
736	2.662620e+10	9.172841e+00
737	3.914555e+10	4.801318e+02
738	3.958276e+10	5.269616e+01
739	2.732046e+10	1.683193e+02
740	9.858959e+09	4.715147e+00
741	3.932153e+10	4.698723e+00
742	3.210677e+10	9.333091e+02
743	7.681120e+10	5.507407e+01
744	2.824074e+09	5.215334e+02
745	3.642368e+10	5.804357e+01
746	2.087215e+10	2.407695e+02
747	9.063997e+09	1.389055e+01
748	3.158205e+10	5.528392e+02
749	2.822338e+10	6.546215e+02
750	1.643428e+10	7.779601e+00
751	2.350203e+10	3.211213e+02
752	3.121008e+10	2.554559e+02
753	1.454156e+09	4.512119e+02
754	6.359464e+09	9.359464e+01
755	2.605676e+10	2.856336e+02
756	9.684400e+08	1.150566e+03
757	1.923001e+10	2.045380e+01
758	1.751730e+10	6.322927e+01
759	1.644456e+10	1.007874e+02
760	8.585008e+08	2.941257e+02
761	3.271635e+10	2.381563e+02
762	8.648983e+08	1.815895e+02
763	4.541324e+10	7.624354e+00
764	3.303965e+10	3.394603e+01
765	2.600623e+10	4.329329e+02
766	7.281910e+10	6.025043e+01
767	4.095204e+09	2.632430e+02
768	8.970546e+10	7.276947e+01
769	3.951426e+10	4.001514e+02
770	1.162539e+10	2.242295e+02
771	1.417457e+10	7.141750e+00
772	5.109375e+10	6.411037e+01
773	3.821677e+09	1.066503e+03
774	1.014031e+10	7.140185e+01
775	5.994730e+08	2.392487e+02
776	2.806578e+10	6.605627e+01
777	2.538205e+10	3.039680e+02
778	4.346746e+10	1.047758e+02
779	6.117613e+09	1.059469e+03
780	4.694853e+10	4.562155e+02
781	6.420280e+10	7.122697e+00
782	5.284413e+09	1.132915e+02
783	1.071193e+10	9.965695e+01
784	8.665265e+08	4.467014e+02
785	2.528470e+10	4.136736e+02
786	2.652636e+09	2.070931e+02
787	2.828590e+10	5.891426e+02
788	1.433335e+10	5.982397e+02
789	3.283193e+10	2.952213e+02
790	6.440299e+10	1.066156e+02
791	1.886753e+10	3.504281e+02
792	6.738217e+10	8.141274e+01
793	4.430291e+08	7.671168e+02
794	1.649993e+10	2.266563e+02
795	4.185451e+10	6.762719e+02
796	1.585386e+10	8.420206e+01
797	1.128398e+10	4.974522e+01
798	1.074931e+09	4.027495e+02
799	9.947808e+09	4.516031e+01
800	6.210223e+08	9.178535e+01
801	1.215095e+09	2.393564e+02
802	1.602888e+10	9.758940e+01
803	5.175357e+09	4.339363e+02
804	3.859458e+10	2.514859e+01
805	3.630329e+10	2.475977e+02
806	1.471212e+10	5.163834e+02
807	4.712149e+09	1.615319e+00
808	7.291114e+09	2.187587e+02
809	1.321922e+10	2.450774e+01
810	2.185243e+10	3.177736e+02
811	9.633622e+09	4.942004e+02
812	8.317539e+09	3.518538e+02
813	6.131253e+09	2.673006e+02
814	7.260760e+10	3.494315e+02
815	2.025109e+08	5.940818e+02
816	6.269156e+10	6.522876e+01
817	1.299905e+10	4.912864e+02
818	3.703218e+10	4.942693e+02
819	1.125929e+10	3.673654e+02
820	5.292276e+10	8.673333e+00
821	2.478018e+10	8.297012e+01
822	3.776654e+10	3.335320e+02
823	1.175681e+10	7.495320e+02
824	9.444547e+09	5.316549e+02
825	2.256917e+10	2.527595e+02
826	4.709611e+10	3.895117e+02
827	2.607855e+10	1.138526e+01
828	4.894875e+08	1.054091e+04
829	6.915751e+08	1.813983e+02
830	5.554466e+09	9.440372e+01
831	5.699686e+09	4.354504e+05
832	8.039344e+09	1.517463e+01
833	3.459059e+10	2.868654e+02
834	2.447825e+10	3.975116e+01
835	1.415797e+10	2.773133e+03
836	7.408113e+09	5.839382e+01
837	2.636084e+10	9.173699e+00
838	4.466753e+10	8.356144e+02
839	8.730490e+09	3.141490e+01
840	1.397507e+09	2.630192e+02
841	6.680342e+10	4.024221e+01
842	4.555178e+09	9.322595e+02
843	1.784161e+10	6.354735e+01
844	4.682947e+10	4.006353e+02
845	1.302017e+10	3.711877e+02
846	3.604406e+10	1.107547e+02
847	1.929586e+10	2.359061e+02
848	4.675017e+10	1.569608e+02
849	2.195608e+10	5.402536e+02
850	2.363561e+10	2.640282e+02
851	1.331952e+10	3.461527e+02
852	3.626687e+10	1.680131e+01
853	3.721310e+10	5.761549e+01
854	3.961500e+10	1.608721e+03
855	3.546327e+10	5.796257e+01
856	1.251218e+10	3.623076e+01
857	4.718848e+09	1.001191e+01
858	3.230122e+10	1.165039e+02
859	3.224180e+10	6.743114e+01
860	1.497736e+09	1.633250e+03
861	2.643508e+10	4.081846e+02
862	1.093565e+10	2.794801e+01
863	6.230227e+08	2.032443e+02
864	3.202801e+10	2.047328e+02
865	1.768433e+10	3.837692e+01
866	3.253582e+10	6.865696e+04
867	8.054164e+09	1.207383e+02
868	8.048547e+09	1.958822e+05
869	1.207946e+10	1.812927e+02
870	6.260184e+09	1.475374e+01
871	5.999501e+08	1.243180e+02
872	8.485602e+09	1.624416e+02
873	3.392001e+10	7.124849e+03
874	5.827008e+10	2.292316e+01
875	3.175030e+10	1.506828e+02
876	1.621894e+10	6.976926e+01
877	7.340576e+10	1.754792e+02
878	8.359135e+09	2.575497e+02
879	2.800267e+10	4.298063e+01
880	1.523186e+10	3.955836e+02
881	5.906292e+10	6.480434e+01
882	1.683569e+10	3.121051e+02
883	5.569108e+10	3.607742e+01
884	1.626000e+10	1.631464e+02
885	7.301646e+09	5.920225e+02
886	7.719351e+10	1.757104e+02
887	1.393259e+10	4.867102e+03
888	2.328373e+10	9.408826e+00
889	2.029822e+10	4.450638e+02
890	1.106338e+10	1.581893e+01
891	4.046541e+08	5.113220e+02
892	3.056810e+10	2.364971e+02
893	1.936202e+10	1.013031e+02
894	1.300759e+10	1.678393e+02
895	1.162475e+10	7.086430e+01
896	3.010136e+09	4.812953e+02
897	9.566582e+09	3.728212e+01
898	1.046662e+10	5.439264e+02
899	1.672975e+10	1.365210e+02
900	1.959338e+10	1.827466e+02
901	1.389927e+09	2.743354e+02
902	2.355786e+10	2.316842e+02
903	2.058033e+10	3.480842e+02
904	2.789809e+10	1.283234e+02
905	2.002793e+10	4.537996e+02
906	2.200446e+10	7.101989e+01
907	9.949114e+09	9.072664e+01
908	3.938090e+10	1.213174e+02
909	3.611334e+10	2.352929e+01
910	1.404679e+09	1.240400e+03
911	4.348676e+10	1.451799e+02
912	2.753271e+10	7.075143e+02
913	1.525265e+10	6.555774e+02
914	8.603240e+09	1.812790e+02
915	1.286337e+10	6.323520e+03
916	3.044779e+10	2.114654e+02
917	1.804331e+10	2.442634e+02
918	5.493879e+10	2.983067e+02
919	1.348635e+10	1.995562e+01
920	7.110068e+10	3.737313e+01
921	3.361105e+10	4.821713e+00
922	1.924591e+10	4.013764e+01
923	6.271955e+09	1.040257e+02
924	2.187834e+10	2.123008e+01
925	5.985723e+09	5.857779e+01
926	1.184716e+09	4.669507e+02
927	2.185102e+10	1.307125e+02
928	1.276404e+10	3.425958e+05
929	3.040051e+10	2.600718e+02
930	1.451482e+10	2.855499e+01
931	3.800897e+08	1.458848e+02
932	1.872955e+10	4.592711e+01
933	1.045533e+10	7.139143e+00
934	6.141510e+10	1.624293e+02
935	8.962928e+09	2.086362e+01
936	8.640083e+08	3.774154e+02
937	4.202218e+10	2.027220e+02
938	1.710025e+09	7.683639e+02
939	2.254980e+10	2.029164e+01
940	1.622490e+10	3.529961e+02
941	9.795873e+09	1.278818e+03
942	5.442759e+10	4.672556e+01
943	2.319620e+10	9.048713e+00
944	1.436917e+10	3.277216e+00
945	2.173426e+10	2.874869e+02
946	3.994788e+10	5.054010e+02
947	5.005655e+10	4.096891e+01
948	2.104392e+10	2.953484e+01
949	1.544296e+10	6.706882e+01
950	1.591767e+10	8.848453e+02
951	1.015945e+09	1.055586e+03
952	4.224314e+10	1.285083e+03
953	3.377482e+10	2.599758e+02
954	2.074267e+09	4.598499e+02
955	1.348377e+10	1.121388e+01
956	2.361107e+10	4.598573e+02
957	5.641126e+09	4.138388e+02
958	5.744559e+09	1.972615e+01
959	2.289004e+10	1.039911e+03
960	7.445029e+09	5.998817e+02
961	1.837108e+10	2.315194e+03
962	1.452507e+10	5.311649e+01
963	3.938649e+08	2.727249e+02
964	9.233436e+09	1.566921e+01
965	2.255907e+10	7.357928e+01
966	6.384993e+08	4.277111e+02
967	2.045481e+10	7.608488e+00
968	3.120308e+10	5.867256e+02
969	6.035329e+10	1.803757e+02
970	1.040022e+10	2.794377e+02
971	4.937025e+10	6.397498e+02
972	4.318317e+10	1.329230e+02
973	2.555029e+10	2.484077e+02
974	2.879690e+10	1.882180e+02
975	4.625669e+10	3.289893e+02
976	7.807468e+10	5.142859e+01
977	3.824871e+10	2.354739e+02
978	2.924889e+10	3.575484e+01
979	1.924423e+10	2.140611e+02
980	3.096601e+10	1.711670e+02
981	4.408160e+10	2.045771e+02
982	1.444549e+10	1.693145e+02
983	1.948855e+10	2.065141e+02
984	1.289852e+10	2.724645e+03
985	3.499224e+10	3.099118e+02
986	1.370449e+09	2.643459e+02
987	1.156869e+10	2.683632e+01
988	5.649107e+09	3.210276e+02
989	1.434952e+09	2.431856e+02
990	3.559813e+10	5.793698e+02
991	1.684741e+10	6.640096e+02
992	1.617059e+10	3.804598e-01
993	6.086370e+10	2.770856e+02
994	1.123420e+10	9.557885e+02
995	2.118402e+10	7.593679e+01
996	3.815736e+09	4.401000e+02
997	1.674000e+10	2.020830e+02
998	3.228240e+10	5.626392e+01
999	8.248064e+09	6.814520e+01
1000	3.805031e+10	4.611728e+01
1001	3.253924e+10	9.795743e+01
1002	7.674066e+10	2.235507e+01
1003	6.844045e+09	7.117574e+02
1004	4.020154e+10	3.558970e+01
1005	2.950285e+10	1.668736e+01
1006	2.200817e+10	2.548372e+02
1007	5.611633e+10	4.965045e+01
1008	2.262841e+10	2.702974e+02
1009	6.477107e+10	3.347747e+02
1010	1.783727e+10	7.527922e+02
1011	3.016716e+10	6.030921e+01
1012	3.932847e+10	3.799330e+02
1013	4.685883e+10	5.235314e+02
1014	1.090340e+11	7.594267e+01
1015	9.953863e+09	1.736838e+02
1016	2.358348e+10	3.394779e+02
1017	6.628892e+08	9.869485e+02
1018	1.436651e+10	1.103339e+02
1019	2.949612e+10	2.029924e+02
1020	2.063640e+10	1.815855e+02
1021	2.887554e+10	3.708873e+01
1022	2.359833e+10	1.430347e+02
1023	3.018133e+10	8.168708e+00
