# Index	M_int	Con
0	8.436518e+10	5.463161e+02
1	6.376298e+10	7.591668e+01
2	1.911927e+10	3.023289e+02
3	7.230825e+10	1.051948e+02
4	6.523080e+10	5.751702e+02
5	6.927762e+10	5.988382e+02
6	1.180590e+10	7.096577e+01
7	3.075863e+10	8.307015e+02
8	2.889789e+10	1.071403e+02
9	4.265843e+10	3.445132e+02
10	7.776243e+09	6.860957e+01
11	6.779546e+10	6.043402e+02
12	4.297618e+09	2.434308e+02
13	2.242778e+10	3.767802e+02
14	3.144983e+10	2.627350e+02
15	8.847102e+08	1.529844e+01
16	6.388872e+10	7.846866e+02
17	5.260377e+09	5.881625e+01
18	3.980080e+10	5.677791e+02
19	1.468547e+10	3.170236e-03
20	9.510728e+10	8.188613e+02
21	3.388950e+10	3.837175e+02
22	4.655818e+10	1.063361e+01
23	1.411576e+11	5.013611e+02
24	2.636820e+09	1.825222e+01
25	1.144963e+10	3.210938e+02
26	1.177220e+10	1.948076e+00
27	5.131816e+10	7.023102e+02
28	6.605948e+10	4.644954e+01
29	1.105950e+11	1.318120e+02
30	1.165640e+10	3.871336e+02
31	1.288351e+10	7.041912e+01
32	6.694059e+10	1.498368e+02
33	1.267389e+10	2.697069e+02
34	5.363193e+10	4.064602e+01
35	3.756213e+10	3.793886e+02
36	5.272034e+10	2.760140e+02
37	3.539511e+10	1.263139e+02
38	6.042540e+10	1.918382e+02
39	1.488184e+11	3.749102e+02
40	2.800195e+10	4.716447e+03
41	4.296928e+10	1.396873e+02
42	8.118006e+10	4.724935e+02
43	4.517877e+08	8.905612e+00
44	9.348888e+10	3.180772e+03
45	1.820506e+11	5.236918e+02
46	5.485628e+09	7.381281e+01
47	1.013304e+11	4.769960e+02
48	2.462258e+09	4.890139e+01
49	7.101518e+10	5.268372e+02
50	5.349159e+09	2.145533e+02
51	8.763323e+10	3.578615e+02
52	5.465491e+09	5.852225e+01
53	1.839691e+10	1.197004e+02
54	6.294113e+10	2.129548e+02
55	1.951170e+09	6.726323e+01
56	7.131956e+10	1.046628e+02
57	3.829778e+10	7.347831e+01
58	1.027738e+10	2.060744e+02
59	3.295121e+10	1.973350e+02
60	4.972525e+10	1.181446e+02
61	2.704128e+09	5.947446e+01
62	5.515030e+10	3.552253e+01
63	2.205162e+10	2.548781e+02
64	4.780553e+10	3.516204e+01
65	3.329099e+10	2.304827e+02
66	5.455143e+10	1.669331e+02
67	1.431624e+10	7.906286e+01
68	3.381073e+10	1.369146e+01
69	1.423859e+11	5.209436e+02
70	2.450180e+10	2.145520e+02
71	6.511425e+10	1.203047e+02
72	3.532085e+10	2.051348e+02
73	2.007692e+09	5.689133e+01
74	4.804113e+10	6.959820e+02
75	5.658574e+10	2.513556e+02
76	7.833524e+10	2.279413e+02
77	4.950381e+10	1.992939e+02
78	1.887817e+09	1.119312e+01
79	1.022266e+11	1.290721e+02
80	4.596715e+09	5.450650e+01
81	8.755246e+10	2.619494e+02
82	4.602010e+10	9.813560e+01
83	1.022643e+11	3.058206e+02
84	2.421166e+10	7.169638e+01
85	2.661479e+09	2.542578e+01
86	2.305628e+10	1.129104e+02
87	1.113450e+10	9.783189e+01
88	5.248694e+10	4.018855e+02
89	7.225080e+10	3.385180e+01
90	2.511323e+10	4.835438e+02
91	2.619355e+10	2.744904e+01
92	1.538114e+10	7.324749e+01
93	7.054450e+10	6.220345e+02
94	3.349845e+10	1.256062e+02
95	4.075896e+10	1.252093e+03
96	2.935673e+10	3.276132e+00
97	2.096188e+10	1.183092e+02
98	3.343114e+10	6.533248e+02
99	5.976648e+10	5.684393e+02
100	1.640903e+10	7.517553e+02
101	6.252600e+10	2.870415e+02
102	5.081477e+10	3.750013e+02
103	2.540949e+10	8.570062e+01
104	1.043753e+10	3.292703e+01
105	5.523885e+10	3.386011e+02
106	3.381220e+09	3.500779e+00
107	9.684243e+10	4.365528e+02
108	1.209776e+10	7.890237e+01
109	1.716003e+10	1.643691e+02
110	4.285583e+10	2.758134e+02
111	4.154073e+09	2.293089e+01
112	9.868690e+10	4.831667e+02
113	1.753484e+09	7.862317e+00
114	3.824304e+10	6.226362e+01
115	1.024460e+10	1.550599e+00
116	3.231345e+10	1.056819e+03
117	6.951468e+10	3.562265e+02
118	5.646896e+08	1.781550e+01
119	3.678783e+10	3.274567e+02
120	3.224309e+09	6.491885e+01
121	1.693212e+10	2.276437e+02
122	1.557488e+11	6.510761e+02
123	3.545581e+10	7.719185e+01
124	1.081567e+10	3.897041e+01
125	3.048270e+10	1.066668e+01
126	6.165327e+10	4.417968e+02
127	5.274420e+10	5.959796e+01
128	2.087145e+10	2.899141e+02
129	1.274654e+11	3.489108e+02
130	2.663594e+10	2.238819e+02
131	5.050532e+10	2.307445e+02
132	5.175902e+10	4.795895e+02
133	6.287788e+10	4.052440e+02
134	8.842710e+10	1.531508e+02
135	5.004312e+10	4.606622e+01
136	1.875615e+10	2.810169e+01
137	4.736824e+10	3.274657e+02
138	1.891253e+10	5.717548e+01
139	1.056439e+11	5.782075e+02
140	5.028610e+09	8.786914e+01
141	1.652937e+09	2.520377e+01
142	1.016164e+11	3.036072e+02
143	1.478285e+10	4.575355e+02
144	6.323161e+10	1.416443e+02
145	4.259428e+09	3.207470e+01
146	4.569560e+10	1.465106e+02
147	4.129680e+09	7.339069e+01
148	9.686953e+10	1.109723e+02
149	7.858411e+10	4.596020e+02
150	1.910674e+10	1.362760e+01
151	6.550600e+10	2.956937e+02
152	5.660919e+09	9.130952e+01
153	1.350974e+10	3.173207e+02
154	1.091589e+10	8.512645e+01
155	1.584935e+10	4.474578e+02
156	3.130720e+10	8.911963e+00
157	1.124278e+11	1.402119e+02
158	2.356419e+10	6.764597e+02
159	5.663190e+10	5.817865e+01
160	5.166976e+10	2.785436e+03
161	3.925790e+10	2.267067e+02
162	6.230793e+10	1.215875e+02
163	3.674019e+10	2.761049e+02
164	3.421355e+10	8.267038e+00
165	2.361557e+10	5.814382e+00
166	3.832687e+10	2.521437e+02
167	4.311954e+10	2.100502e+00
168	1.551883e+10	1.379752e+02
169	4.781728e+09	3.553749e+01
170	4.164573e+10	1.451586e+03
171	6.448991e+09	1.387440e+02
172	3.449594e+10	5.758372e+02
173	3.519223e+10	6.554049e+01
174	6.054546e+09	8.159937e+01
175	9.542588e+10	6.145002e+02
176	5.733360e+10	1.129895e+02
177	8.430097e+10	3.997123e+02
178	8.719744e+09	9.425562e+01
179	3.457794e+10	1.306893e+02
180	2.781519e+10	4.106270e+02
181	1.834969e+10	5.361210e+01
182	4.066354e+10	4.023062e+02
183	1.173598e+10	1.910940e+02
184	1.402831e+11	8.178933e+02
185	5.354913e+10	1.711698e+02
186	4.904676e+10	3.300471e+02
187	2.043912e+10	3.230527e+01
188	1.309438e+10	1.757569e+02
189	1.835669e+10	1.455296e+02
190	6.940341e+10	4.375274e+02
191	3.361253e+10	1.092261e+03
192	4.897867e+10	4.350991e+02
193	4.901078e+10	6.877583e+01
194	5.125034e+09	6.048455e+00
195	2.648331e+10	4.936360e+02
196	9.822532e+10	1.616068e+03
197	6.597044e+10	4.892935e+02
198	5.703224e+10	1.341281e+02
199	4.043981e+10	2.728599e+02
200	3.997537e+10	6.329984e+02
201	1.280619e+10	4.975916e+02
202	2.924433e+10	1.848803e+02
203	1.188665e+10	9.232010e+00
204	3.466675e+10	1.956002e+02
205	5.630927e+10	1.450489e+02
206	8.763061e+09	2.577312e+01
207	5.174728e+10	7.350082e+01
208	3.767267e+09	2.387761e+01
209	1.291151e+11	7.660458e+02
210	2.118813e+10	1.999004e+02
211	8.947686e+10	3.112613e+02
212	1.355813e+10	2.111289e+02
213	3.196042e+09	6.948326e+01
214	5.961960e+10	7.136490e+02
215	8.113090e+09	2.140835e+02
216	3.775014e+10	1.727071e+03
217	1.418851e+11	1.596243e+02
218	3.604971e+09	6.094009e+01
219	3.218699e+10	1.542981e+02
220	1.269990e+11	5.228567e+02
221	7.035378e+10	6.965116e+02
222	9.608434e+09	5.298146e+01
223	2.971273e+10	5.772300e+02
224	8.242589e+10	3.905614e+02
225	7.381893e+10	8.274087e+01
226	4.822942e+10	3.885208e+02
227	3.656936e+10	3.186434e+03
228	5.160300e+10	4.267178e+02
229	2.162585e+10	5.506037e+02
230	4.556609e+10	7.443742e+01
231	2.962656e+10	1.532991e+03
232	5.586900e+10	2.036654e+01
233	1.579745e+11	6.132277e+02
234	1.231768e+10	2.897511e+02
235	3.003345e+10	2.138545e+02
236	9.197350e+09	5.025169e+01
237	3.536070e+10	7.091337e+02
238	5.827269e+10	5.470511e+02
239	3.761499e+09	1.166869e+01
240	7.150794e+10	5.680503e+02
241	1.424188e+10	1.068797e+02
242	4.395759e+10	3.518986e+02
243	1.314271e+09	1.363755e+01
244	7.339553e+10	3.327041e+02
245	4.974963e+10	2.158868e+02
246	1.306759e+10	1.511422e+02
247	8.705228e+10	3.361267e+02
248	7.777921e+09	5.421087e+01
249	1.564681e+10	1.410293e+02
250	3.182772e+10	1.348794e+02
251	3.682277e+10	1.581803e+02
252	3.730198e+10	3.174291e+02
253	6.705598e+09	3.224258e+01
254	1.667309e+10	1.804289e+02
255	9.258600e+10	6.173790e+02
256	6.404391e+10	6.850190e+02
257	6.390337e+10	2.757352e+02
258	1.602933e+10	8.272764e+01
259	8.995685e+10	1.512999e+02
260	4.189991e+10	9.207624e+01
261	1.229933e+09	1.168938e+01
262	6.517653e+10	3.135426e+02
263	1.110377e+10	1.298419e+00
264	6.691665e+10	2.409425e+03
265	4.681274e+10	3.396085e+01
266	1.943534e+10	3.660059e+02
267	1.514465e+10	3.728234e+01
268	6.327188e+10	3.127985e+02
269	3.878998e+10	6.789384e+02
270	2.147284e+10	2.849181e+02
271	2.050426e+10	4.851974e+02
272	7.585281e+10	1.083995e+02
273	6.102055e+10	3.726415e+05
274	1.271518e+10	7.302777e+00
275	1.572286e+10	2.796695e+02
276	6.678607e+10	5.873449e+01
277	7.637292e+10	2.740791e+02
278	2.758805e+10	8.563235e+02
279	4.090855e+09	1.298466e+01
280	8.049179e+10	9.058721e+02
281	1.251434e+10	2.909859e-03
282	1.407881e+11	6.482084e+02
283	1.452112e+10	3.546857e+02
284	7.454158e+10	3.057585e+02
285	7.035283e+10	1.178397e+03
286	1.575867e+10	2.016527e+02
287	9.053635e+10	1.012548e+03
288	4.384071e+09	2.075695e+02
289	2.567917e+09	2.730439e+01
290	4.557135e+10	6.787972e+02
291	6.175689e+09	1.514167e-01
292	9.683095e+10	6.129885e+02
293	9.793652e+10	3.656093e+02
294	2.453249e+09	1.594260e+01
295	2.053650e+10	1.376098e+03
296	1.682133e+10	2.314412e+01
297	1.705401e+10	7.489645e+01
298	1.065486e+11	4.377730e+02
299	5.600504e+10	2.143017e+01
300	2.359091e+10	4.127927e+01
301	1.352518e+10	7.567856e+01
302	2.239110e+10	2.323271e+02
303	2.996501e+10	1.765224e+01
304	2.419891e+10	2.922498e+02
305	5.021539e+10	3.509727e+02
306	2.347579e+10	3.005784e+02
307	3.177976e+10	3.484023e+01
308	5.222811e+10	1.423811e+03
309	3.368113e+10	6.189781e+02
310	7.060339e+10	1.422247e+02
311	1.360481e+10	5.071658e+02
312	1.206271e+10	1.485746e+02
313	8.981187e+10	1.110912e+03
314	2.515968e+09	5.494619e+01
315	5.864509e+10	5.500246e+02
316	3.446826e+09	6.163802e+01
317	1.334231e+10	1.389098e+01
318	8.487332e+10	1.813093e+02
319	5.093846e+09	1.746347e+02
320	5.812223e+10	2.011465e+02
321	2.244011e+10	5.058514e+01
322	4.108951e+10	2.089328e+02
323	2.007328e+10	1.197077e+02
324	6.295729e+10	3.955862e+02
325	7.628614e+10	2.885419e+02
326	1.757457e+10	9.527818e+01
327	1.405012e+11	3.624856e+02
328	1.437018e+09	1.068139e+01
329	8.493848e+10	2.658694e+02
330	4.892788e+09	1.347014e+01
331	2.029486e+10	7.044012e+02
332	2.723121e+10	4.407838e+01
333	8.998862e+10	2.464045e+02
334	8.021494e+09	4.330424e+02
335	4.820741e+10	6.284526e+01
336	2.433802e+10	2.913284e+03
337	6.793040e+10	7.037150e+01
338	8.447144e+09	2.605363e+02
339	1.656109e+10	3.565728e+01
340	6.181338e+10	4.596870e+02
341	9.473747e+09	5.444331e+01
342	6.833266e+09	6.056850e+01
343	2.076443e+10	6.301378e+02
344	8.590271e+10	4.498469e+02
345	6.003854e+10	5.630186e+02
346	1.154129e+10	8.991892e+01
347	7.042925e+10	5.489518e+02
348	5.885442e+09	1.386703e+02
349	1.110944e+10	2.826490e+02
350	5.125567e+10	2.898257e+02
351	5.580640e+09	5.685490e+01
352	7.034485e+10	8.075393e+02
353	7.082265e+10	2.356217e+02
354	2.648646e+09	7.582458e+01
355	2.892391e+10	4.456853e+02
356	2.569877e+09	7.316483e+00
357	3.937284e+10	7.187958e+01
358	1.361898e+11	9.079406e+02
359	6.186763e+09	4.350766e+01
360	3.361829e+10	1.370310e+02
361	3.187903e+10	1.406632e+02
362	1.376699e+10	2.161577e+02
363	1.438358e+11	2.268111e+02
364	2.813943e+10	8.722369e+02
365	2.013185e+10	6.136761e+00
366	9.832681e+10	6.540374e+02
367	2.768163e+10	1.193551e+02
368	6.485940e+10	3.182256e+02
369	2.199763e+10	3.453679e+05
370	1.258874e+11	3.251560e+02
371	6.873618e+10	2.960146e+02
372	4.600725e+10	1.605614e+02
373	4.577381e+09	9.048238e+00
374	1.079487e+10	2.965397e+02
375	6.908908e+10	2.072071e+02
376	2.570277e+10	2.251268e+02
377	4.470021e+09	8.071654e+01
378	6.548692e+10	3.818490e+02
379	1.098911e+09	3.147341e+01
380	1.271212e+11	1.036014e+03
381	1.606647e+11	1.116561e+03
382	7.843486e+09	1.442145e+02
383	1.058395e+11	2.201650e+02
384	1.573192e+10	4.271695e+02
385	4.850536e+10	6.005052e+02
386	5.750013e+10	3.133582e+02
387	1.315096e+11	3.181224e+02
388	4.424021e+09	5.685818e+01
389	6.866178e+09	4.282290e+01
390	6.449080e+10	2.554902e+02
391	1.032611e+10	2.178585e+01
392	5.535614e+10	9.387347e+02
393	1.066240e+11	1.205833e+01
394	1.083584e+10	2.150761e+02
395	1.864707e+10	3.083399e+01
396	5.920248e+10	1.671050e+02
397	4.227383e+10	3.184246e+05
398	4.698115e+09	1.717580e+01
399	4.260795e+10	1.029794e+02
400	1.483356e+11	7.802025e+02
401	3.577403e+10	6.722649e+01
402	1.304518e+10	2.600557e+01
403	5.808518e+10	2.155598e+02
404	4.984562e+10	4.894078e+02
405	4.418765e+10	7.959239e+01
406	2.486779e+10	2.082243e+02
407	2.436139e+10	8.723143e+01
408	8.288687e+10	6.419075e+02
409	2.581970e+10	8.654016e+01
410	4.771579e+10	5.740743e+02
411	2.124762e+09	3.986425e+01
412	2.129391e+10	1.839422e+02
413	4.534759e+10	1.153197e+02
414	1.925434e+10	2.841978e+02
415	3.599113e+10	3.792758e+02
416	2.066685e+09	2.422326e+01
417	7.094955e+09	6.167879e+01
418	6.598343e+10	4.791464e+02
419	3.162894e+09	3.798366e+01
420	3.627670e+10	6.047635e+01
421	1.502731e+11	2.351017e+02
422	8.524168e+09	3.386205e+02
423	4.965292e+10	7.095411e+02
424	8.860108e+09	9.734728e+01
425	2.973505e+10	3.094499e+02
426	9.512759e+10	3.361121e+02
427	1.291784e+10	3.407785e+03
428	3.985175e+10	3.827473e+02
429	3.367842e+10	4.360802e+01
430	3.018543e+10	1.419400e+02
431	1.016996e+11	3.762874e+02
432	3.745738e+10	1.845144e+02
433	2.745793e+10	3.633474e-03
434	5.067509e+10	3.250192e+02
435	1.165900e+11	4.522629e+02
436	4.564511e+10	5.679854e+02
437	3.083832e+10	8.784847e+02
438	6.288641e+10	3.415067e+01
439	5.158599e+10	3.653100e+02
440	5.044540e+10	1.676720e+02
441	1.149199e+11	4.137700e+02
442	4.914931e+09	5.570379e+01
443	9.889797e+10	5.244080e+02
444	2.832931e+10	7.786443e+01
445	1.087861e+10	2.025618e+02
446	3.458665e+10	1.295307e+03
447	7.513865e+09	5.170637e+01
448	5.570045e+10	2.668260e+02
449	8.601005e+09	1.845622e+01
450	7.946418e+10	5.796169e+02
451	2.762238e+10	5.065320e+00
452	6.952358e+10	2.667123e+02
453	5.895687e+10	6.714312e+02
454	1.047211e+10	3.460607e+01
455	3.962218e+10	9.133645e+02
456	1.467321e+10	1.993669e+02
457	4.654987e+10	1.009800e+03
458	1.779406e+10	4.753655e+01
459	1.372888e+10	6.429050e+02
460	3.437070e+10	2.446726e-03
461	4.461091e+10	1.926575e+02
462	1.903755e+10	6.176052e+02
463	1.880387e+10	1.367671e+01
464	3.976972e+10	1.074839e+03
465	5.677806e+10	2.159637e+02
466	3.057529e+10	5.015984e+03
467	1.281551e+10	4.590053e+01
468	2.616864e+10	4.606028e+02
469	5.237053e+10	6.211030e+02
470	7.495790e+10	2.507102e+02
471	1.099652e+10	4.723060e+02
472	7.237505e+10	1.641990e+02
473	4.751359e+10	4.707310e+02
474	2.807147e+10	3.699073e+02
475	7.478230e+10	5.299000e+02
476	2.440737e+09	5.347254e+01
477	3.048402e+09	3.337674e+01
478	1.691220e+11	9.271474e+02
479	7.537066e+09	2.519869e+02
480	6.441233e+10	3.384755e+02
481	8.510395e+10	4.831592e+02
482	7.564690e+08	3.085744e+01
483	7.612546e+10	1.600540e+02
484	4.896913e+09	6.603271e+01
485	1.081283e+10	1.950009e+01
486	1.700302e+10	2.396657e+02
487	2.342155e+10	1.305262e+02
488	1.497330e+11	6.133478e+02
489	3.261059e+10	1.870665e+02
490	3.672765e+10	2.744366e+02
491	3.206298e+10	2.222503e+01
492	1.643597e+10	1.794280e+02
493	3.624101e+10	9.263921e+01
494	9.431138e+10	1.265732e+03
495	3.519633e+10	7.061441e+02
496	3.296512e+10	1.105638e+02
497	3.610664e+10	3.149581e+03
498	5.635831e+10	6.448314e+02
499	5.550611e+10	1.841291e+02
500	2.232145e+10	7.236203e+02
501	2.270902e+10	3.832165e+01
502	5.010332e+10	2.553857e+02
503	5.083789e+09	3.598452e+00
504	8.067414e+09	2.550572e+02
505	2.224053e+10	9.263516e+01
506	4.851970e+10	2.076428e+02
507	3.095996e+09	3.910909e+01
508	6.257228e+10	2.003619e+03
509	5.686817e+10	3.827477e+02
510	3.278806e+09	2.882294e+01
511	4.815919e+10	2.904518e+03
512	1.204630e+10	7.910983e+01
513	6.856127e+10	4.327494e+02
514	8.167368e+10	4.963355e+02
515	3.974282e+10	4.388827e+02
516	3.839512e+10	2.771722e+01
517	6.913121e+10	1.501957e+03
518	1.651094e+10	1.808041e+03
519	4.852690e+09	2.946978e+01
520	1.354030e+10	2.013361e+02
521	2.496466e+09	5.296471e+01
522	7.140101e+10	5.232579e+02
523	2.870078e+10	1.954119e+02
524	8.043424e+10	3.344015e+02
525	6.066472e+10	2.267820e+02
526	2.318946e+10	4.054476e+01
527	3.971523e+10	4.526602e+02
528	1.416735e+10	6.371162e+01
529	5.032599e+10	4.167647e+02
530	2.793138e+09	5.552051e+01
531	6.413045e+10	3.543242e+02
532	7.583224e+09	7.696647e+00
533	9.059168e+09	1.286792e+02
534	5.644539e+10	1.916863e+02
535	3.946995e+10	1.287384e+02
536	8.944657e+10	1.118955e+03
537	7.326723e+10	6.645874e+02
538	3.079428e+10	2.711386e+03
539	1.630967e+10	9.898921e+01
540	2.367083e+10	3.591094e+02
541	4.001943e+10	3.300122e+05
542	2.531226e+10	3.105498e+02
543	9.889864e+09	1.419187e+01
544	5.973479e+10	6.513786e+00
545	5.175553e+10	5.387065e+02
546	3.415594e+10	6.860494e+02
547	1.669277e+10	3.278294e+01
548	3.624976e+09	2.342274e+02
549	3.689757e+10	6.784167e+02
550	7.995651e+10	4.669879e+02
551	2.195337e+10	8.038091e+02
552	8.136344e+09	1.156922e+01
553	6.512415e+10	1.087983e+02
554	1.538286e+09	2.220973e+01
555	4.307804e+10	4.916281e+02
556	7.933466e+09	5.502207e+00
557	1.189029e+10	1.967853e+02
558	4.258956e+10	4.575678e+02
559	7.746121e+09	1.284568e+02
560	1.003181e+11	1.443885e+03
561	1.303596e+10	6.846929e+00
562	2.462605e+10	5.800936e+02
563	8.963007e+09	4.316601e+02
564	6.478448e+10	1.506152e+02
565	7.043837e+10	6.673340e+02
566	1.883956e+09	3.857784e+01
567	7.715675e+10	8.886693e+02
568	4.122057e+10	2.620236e+02
569	2.871485e+10	1.430270e+03
570	4.627500e+10	5.095932e+01
571	1.968773e+10	1.013218e+02
572	4.533231e+10	3.936380e+01
573	5.097297e+10	5.928111e+02
574	7.297686e+10	3.035266e+02
575	2.595306e+10	3.154205e+01
576	1.187178e+10	9.127359e+02
577	9.560794e+10	3.499766e+02
578	5.310621e+10	1.968151e+02
579	2.417198e+10	3.278284e+01
580	2.998762e+10	1.261035e+03
581	1.370988e+10	1.014782e+02
582	9.842198e+09	2.493064e+01
583	7.196742e+09	1.340106e+03
584	6.705231e+10	5.625876e+01
585	4.510333e+10	1.744913e+02
586	1.300866e+10	1.204852e+02
587	1.038277e+11	1.164305e+03
588	9.650460e+08	3.271847e+01
589	2.025984e+10	9.056573e+01
590	8.195051e+10	3.266808e+02
591	4.673151e+10	4.417339e+01
592	4.931933e+10	4.379720e+02
593	4.647296e+09	2.763274e+02
594	8.412822e+10	1.612988e+03
595	2.305400e+09	1.670488e+01
596	1.107921e+11	7.474948e+03
597	3.699650e+10	5.320086e+02
598	9.373190e+09	1.051454e+02
599	5.201810e+10	1.077542e+03
600	3.983757e+09	6.348361e+01
601	6.169275e+10	9.666436e+02
602	7.959688e+10	1.370498e+03
603	1.677971e+10	4.607475e+03
604	3.708692e+10	2.830475e+02
605	8.876729e+09	4.693936e-01
606	4.996709e+10	1.154302e+01
607	1.962643e+10	8.528976e+01
608	4.737722e+10	2.744491e+02
609	1.850466e+10	6.720824e+02
610	9.072781e+10	2.383723e+00
611	3.854051e+10	3.575066e+02
612	8.573727e+09	4.828033e+01
613	2.844904e+10	7.039532e+01
614	6.855953e+10	2.856710e+02
615	5.124232e+10	9.956284e+01
616	1.539903e+10	1.150651e+03
617	3.373812e+10	2.530371e+02
618	3.256823e+10	8.586740e+02
619	8.479236e+09	3.534920e+00
620	5.107660e+10	6.168130e+02
621	3.746274e+10	1.075218e+02
622	3.188636e+09	1.048927e+02
623	4.785866e+10	1.144658e+03
624	1.351612e+09	1.475896e+01
625	4.068202e+10	2.085188e+02
626	2.933347e+10	1.473056e+02
627	5.229885e+10	3.504654e+02
628	5.560804e+09	9.822367e+00
629	8.992803e+09	2.137532e+02
630	3.646378e+10	1.914887e+02
631	3.693047e+09	5.801940e+01
632	7.396428e+10	5.010542e+02
633	8.200112e+09	2.357627e+01
634	2.543552e+10	2.095251e+02
635	5.606170e+10	5.377148e+02
636	3.209914e+10	8.816685e+02
637	1.156420e+10	1.210563e+02
638	3.394129e+10	6.556343e+01
639	5.561134e+10	2.276447e+02
640	2.176169e+10	1.086076e+01
641	4.229163e+10	1.153378e+03
642	2.804211e+09	2.710165e+01
643	1.761607e+10	4.990377e+02
644	8.446897e+10	3.975160e+02
645	3.546428e+10	3.267667e+01
646	2.469659e+10	3.075285e+02
647	6.425672e+10	1.705644e+02
648	7.897278e+10	6.092603e+02
649	2.033837e+09	4.129979e+01
650	1.230646e+11	2.556956e+02
651	6.943941e+09	7.444540e+01
652	4.324860e+10	1.142022e+02
653	2.081150e+10	1.123024e+03
654	3.841605e+10	3.651525e+02
655	1.729347e+11	2.879913e+02
656	1.352262e+09	3.759394e+01
657	1.077397e+11	9.402360e+02
658	7.114242e+09	3.234124e+01
659	8.649343e+10	6.793749e+02
660	8.191425e+08	7.919086e+00
661	6.289847e+09	2.188639e-03
662	4.295390e+10	1.994718e+02
663	1.984444e+10	1.966327e+01
664	4.067974e+10	5.391763e+02
665	8.178040e+10	1.180057e+02
666	1.624976e+10	1.222794e+03
667	2.323136e+10	2.868676e+02
668	2.652925e+10	2.476644e+03
669	2.146305e+10	5.226035e+01
670	6.269870e+10	1.855894e+02
671	1.071621e+10	5.893090e+02
672	3.463517e+10	2.914155e+01
673	2.955282e+10	2.884481e+01
674	4.762175e+09	2.111453e+02
675	6.726391e+10	1.005592e+02
676	5.733876e+10	1.595345e+02
677	4.857725e+09	4.195129e+00
678	6.562275e+10	7.550682e+02
679	5.513601e+10	3.031077e+02
680	5.849652e+10	7.295410e+02
681	1.974493e+10	1.490976e+03
682	1.080608e+10	2.492970e+02
683	1.101754e+11	1.668321e+03
684	1.540399e+10	7.589307e+01
685	4.284237e+09	2.566108e+01
686	4.365264e+10	8.357411e+02
687	2.433612e+09	2.782977e+01
688	1.168846e+11	1.431970e+03
689	4.561211e+10	3.845742e+02
690	4.025486e+10	4.068077e+02
691	1.716159e+09	4.740429e+01
692	7.465400e+10	1.724987e+02
693	4.880690e+10	1.961062e+02
694	1.546425e+10	3.436147e+01
695	4.965309e+10	3.710369e+02
696	1.101094e+10	1.288585e+02
697	4.332263e+10	1.546768e+02
698	8.700652e+10	1.751827e+03
699	3.038964e+10	7.653818e+02
700	2.918318e+09	9.713202e-01
701	6.333235e+10	1.538326e+01
702	3.502771e+10	1.230856e+02
703	6.663746e+10	2.492636e+02
704	7.872842e+09	1.730405e+02
705	6.881811e+10	2.215331e+02
706	4.709810e+10	9.539574e+02
707	6.464176e+09	8.984595e+01
708	1.813044e+10	1.561045e+02
709	3.948771e+10	3.188690e+02
710	2.030774e+10	5.386929e+01
711	1.083987e+10	1.274457e+02
712	2.706927e+09	3.392354e+00
713	4.304465e+10	2.979016e+02
714	2.721802e+09	2.230573e+01
715	1.227651e+11	5.990671e+02
716	4.882897e+09	2.382899e+02
717	3.135624e+09	7.482867e+01
718	4.868208e+10	5.601424e+02
719	2.025309e+10	1.519365e+02
720	5.749110e+10	6.048409e+02
721	4.344322e+09	2.273426e+01
722	9.516641e+10	5.404338e+02
723	3.311290e+10	1.199160e+02
724	4.887141e+10	8.829784e+02
725	5.520187e+10	4.636892e+02
726	3.840666e+09	9.738572e+01
727	9.267857e+10	2.365292e+02
728	2.467489e+10	8.840052e+01
729	2.312053e+10	1.452032e+03
730	6.171806e+10	4.351046e+02
731	3.050080e+10	2.256242e+02
732	1.454774e+11	2.235729e+02
733	9.427305e+10	5.451321e+02
734	1.821700e+10	3.526499e+02
735	1.001221e+10	4.597897e+01
736	1.191551e+10	9.172841e+00
737	2.979763e+10	4.801318e+02
738	6.282542e+10	5.269616e+01
739	1.503660e+10	1.683193e+02
740	1.462288e+09	4.715147e+00
741	1.806918e+10	4.698723e+00
742	3.725616e+10	9.333091e+02
743	5.710525e+10	5.507407e+01
744	3.140077e+10	5.215334e+02
745	3.971145e+09	5.804357e+01
746	1.074360e+11	2.407695e+02
747	7.851052e+09	1.389055e+01
748	6.653080e+10	5.528392e+02
749	6.150354e+10	6.546215e+02
750	9.050545e+08	7.779602e+00
751	8.907992e+10	3.211213e+02
752	2.915562e+10	2.554559e+02
753	5.770049e+10	4.512119e+02
754	7.711393e+09	9.359464e+01
755	5.255354e+10	2.856336e+02
756	2.036633e+10	1.150567e+03
757	3.245001e+09	2.045380e+01
758	2.235515e+10	6.322927e+01
759	2.615471e+09	1.007874e+02
760	3.405930e+10	2.941257e+02
761	2.291559e+10	2.381563e+02
762	3.130863e+10	1.815895e+02
763	1.470139e+10	7.624354e+00
764	6.936776e+09	3.394603e+01
765	3.750530e+10	4.329329e+02
766	4.354536e+10	6.025043e+01
767	2.572767e+10	2.632430e+02
768	3.028179e+10	7.276947e+01
769	1.640758e+10	4.001514e+02
770	6.641966e+10	2.242295e+02
771	9.870423e+09	7.141750e+00
772	5.302956e+10	6.411037e+01
773	4.795353e+10	1.066503e+03
774	2.041331e+10	7.140185e+01
775	5.742684e+10	2.392487e+02
776	1.444710e+10	6.605627e+01
777	3.767739e+10	3.039680e+02
778	2.360005e+10	1.047758e+02
779	2.315086e+10	1.059469e+03
780	8.012964e+10	4.562155e+02
781	4.355141e+10	7.122697e+00
782	1.120151e+10	1.132915e+02
783	2.438956e+10	9.965695e+01
784	3.603912e+10	4.467014e+02
785	1.397208e+11	4.136736e+02
786	2.923381e+10	2.070931e+02
787	2.587169e+10	5.891426e+02
788	1.562152e+10	5.982397e+02
789	5.905489e+10	2.952213e+02
790	1.179041e+10	1.066156e+02
791	2.289549e+10	3.504281e+02
792	1.899283e+10	8.141274e+01
793	2.773403e+10	7.671168e+02
794	1.249258e+10	2.266563e+02
795	6.174472e+10	6.762719e+02
796	6.689721e+09	8.420206e+01
797	7.406028e+09	4.974522e+01
798	1.057895e+11	4.027495e+02
799	3.555273e+09	4.516031e+01
800	1.851289e+10	9.178535e+01
801	6.553074e+10	2.393564e+02
802	6.197874e+09	9.758940e+01
803	2.675952e+10	4.339363e+02
804	1.728311e+10	2.514859e+01
805	3.197064e+10	2.475977e+02
806	3.365368e+10	5.163834e+02
807	5.554159e+08	1.615319e+00
808	1.933672e+11	2.187587e+02
809	3.058485e+09	2.450774e+01
810	1.676828e+10	3.177736e+02
811	6.602024e+10	4.942004e+02
812	1.705423e+10	3.518538e+02
813	1.767535e+10	2.673006e+02
814	1.170358e+11	3.494315e+02
815	2.810741e+10	5.940818e+02
816	4.798974e+10	6.522876e+01
817	1.434519e+10	4.912864e+02
818	9.964043e+10	4.942693e+02
819	6.931226e+10	3.673634e+02
820	1.793026e+10	8.673333e+00
821	1.170322e+10	8.297012e+01
822	3.852281e+10	3.335320e+02
823	4.891779e+10	7.495320e+02
824	1.956226e+10	5.316549e+02
825	8.211134e+10	2.527595e+02
826	8.578490e+10	3.895117e+02
827	4.299094e+09	1.138526e+01
828	6.149331e+10	1.054091e+04
829	4.666663e+10	1.813983e+02
830	1.665379e+09	9.440372e+01
831	1.126252e+11	4.354504e+05
832	1.838992e+09	1.517463e+01
833	4.202668e+10	2.868654e+02
834	6.144586e+09	3.975116e+01
835	7.034064e+10	2.773133e+03
836	3.307779e+09	5.839382e+01
837	5.494029e+09	9.173699e+00
838	1.193979e+11	8.356144e+02
839	1.744026e+10	3.141490e+01
840	5.890221e+10	2.630192e+02
841	4.497282e+10	4.024221e+01
842	4.319337e+10	9.322595e+02
843	1.443832e+10	6.354735e+01
844	4.764771e+10	4.006353e+02
845	4.080596e+10	3.711877e+02
846	5.023086e+10	1.107547e+02
847	6.393191e+09	2.359061e+02
848	3.803692e+10	1.569608e+02
849	2.440552e+10	5.402536e+02
850	2.127370e+10	2.640282e+02
851	8.026737e+09	3.461527e+02
852	6.424516e+09	1.680131e+01
853	3.806480e+10	5.761549e+01
854	3.072922e+10	1.608721e+03
855	1.107769e+10	5.796257e+01
856	5.026046e+10	3.623076e+01
857	1.215289e+09	1.001191e+01
858	3.866102e+10	1.165039e+02
859	5.752852e+09	6.743114e+01
860	5.300994e+10	1.633250e+03
861	5.181287e+10	4.081846e+02
862	1.927243e+09	2.794801e+01
863	5.469930e+10	2.032443e+02
864	3.339202e+10	2.047328e+02
865	5.248153e+09	3.837692e+01
866	1.010299e+11	6.865696e+04
867	1.173415e+10	1.207383e+02
868	3.085774e+10	1.958822e+05
869	4.656706e+10	1.812927e+02
870	1.952064e+09	1.475374e+01
871	5.173579e+10	1.243180e+02
872	7.539875e+09	1.624416e+02
873	2.584794e+10	7.124849e+03
874	1.577054e+10	2.292316e+01
875	5.276676e+10	1.506828e+02
876	3.505952e+09	6.976926e+01
877	1.117008e+11	1.754792e+02
878	3.528495e+10	2.575497e+02
879	2.394472e+10	4.298063e+01
880	5.774234e+09	3.955836e+02
881	2.357224e+10	6.480434e+01
882	3.777596e+10	3.121051e+02
883	7.124378e+10	3.607742e+01
884	9.958983e+09	1.631464e+02
885	2.493157e+10	5.920225e+02
886	1.523410e+11	1.757104e+02
887	2.639068e+10	4.867102e+03
888	2.644261e+10	9.408826e+00
889	3.305130e+10	4.450638e+02
890	2.701212e+09	1.581893e+01
891	4.693356e+10	5.113220e+02
892	2.382601e+10	2.364971e+02
893	1.138953e+10	1.013031e+02
894	1.407961e+10	1.678393e+02
895	1.783969e+09	7.086430e+01
896	7.739580e+10	4.812953e+02
897	1.771330e+09	3.728212e+01
898	8.639855e+10	5.439264e+02
899	8.000971e+09	1.365210e+02
900	1.305068e+11	1.827466e+02
901	4.431594e+10	2.743362e+02
902	1.727021e+10	2.316842e+02
903	7.098385e+10	3.480842e+02
904	1.388152e+10	1.283234e+02
905	3.875254e+10	4.537996e+02
906	1.842500e+10	7.101989e+01
907	3.693247e+09	9.072664e+01
908	2.955509e+10	1.213174e+02
909	7.334773e+09	2.352929e+01
910	4.084072e+10	1.240400e+03
911	4.561577e+10	1.451799e+02
912	2.304538e+10	7.075143e+02
913	3.556920e+10	6.555853e+02
914	8.613162e+09	1.812790e+02
915	5.766709e+10	6.323520e+03
916	3.265714e+10	2.114654e+02
917	3.364648e+10	2.442634e+02
918	9.359402e+10	2.983067e+02
919	1.250368e+10	1.995562e+01
920	2.690094e+10	3.737313e+01
921	4.645696e+10	4.821713e+00
922	5.053789e+09	4.013764e+01
923	5.192594e+10	1.040257e+02
924	3.204891e+10	2.123008e+01
925	2.023767e+09	5.857779e+01
926	7.163241e+10	4.669507e+02
927	1.272182e+10	1.307125e+02
928	7.617415e+10	3.425958e+05
929	6.404647e+10	2.600720e+02
930	6.848976e+09	2.855499e+01
931	5.142532e+10	1.458848e+02
932	7.244138e+09	4.592711e+01
933	3.316610e+09	7.139143e+00
934	3.161471e+10	1.624293e+02
935	2.775122e+09	2.086362e+01
936	6.288742e+10	3.774154e+02
937	4.969681e+10	2.027220e+02
938	3.488503e+10	7.683639e+02
939	2.675416e+09	2.029164e+01
940	4.649588e+09	3.529961e+02
941	3.167595e+10	1.278818e+03
942	4.142213e+10	4.672556e+01
943	1.168280e+10	9.048715e+00
944	1.711546e+09	3.277216e+00
945	6.537819e+10	2.874869e+02
946	6.802082e+10	5.054010e+02
947	5.196407e+10	4.096891e+01
948	6.871332e+09	2.953484e+01
949	6.491194e+10	6.706882e+01
950	1.236325e+11	8.848453e+02
951	1.063296e+11	1.055586e+03
952	4.840653e+10	1.285083e+03
953	2.778203e+10	2.599758e+02
954	3.051609e+10	4.598499e+02
955	5.306242e+09	1.121388e+01
956	9.511119e+10	4.598573e+02
957	4.395681e+10	4.138388e+02
958	1.740037e+09	1.972615e+01
959	9.508502e+10	1.039911e+03
960	2.699673e+10	5.998817e+02
961	1.765947e+11	2.315194e+03
962	2.372283e+09	5.311649e+01
963	6.131914e+10	2.727249e+02
964	2.772877e+09	1.566921e+01
965	2.216726e+10	7.357928e+01
966	5.022690e+10	4.277111e+02
967	1.452298e+10	7.608488e+00
968	6.490028e+10	5.867256e+02
969	5.082113e+10	1.803757e+02
970	3.146524e+10	2.794377e+02
971	8.945899e+10	6.397498e+02
972	3.632172e+10	1.329230e+02
973	5.729745e+10	2.484077e+02
974	2.460790e+10	1.882180e+02
975	7.884737e+10	3.289893e+02
976	5.163869e+10	5.142859e+01
977	3.870113e+10	2.354739e+02
978	3.959054e+10	3.575484e+01
979	3.894723e+10	2.140611e+02
980	7.341750e+10	1.711670e+02
981	8.837723e+10	2.045771e+02
982	8.391286e+09	1.693145e+02
983	5.392878e+10	2.065141e+02
984	2.658727e+10	2.724645e+03
985	1.169252e+10	3.099118e+02
986	4.887202e+10	2.643459e+02
987	7.294296e+09	2.683632e+01
988	4.499652e+10	3.210276e+02
989	2.756611e+10	2.431856e+02
990	1.729812e+10	5.793698e+02
991	6.065872e+10	6.640096e+02
992	3.582830e+09	3.804598e-01
993	3.984660e+10	2.770856e+02
994	3.880142e+10	9.557885e+02
995	1.657507e+10	7.593679e+01
996	1.235595e+11	4.401000e+02
997	4.416576e+10	2.020830e+02
998	8.293909e+09	5.626392e+01
999	8.820203e+10	6.814520e+01
1000	2.922101e+10	4.611728e+01
1001	2.193706e+10	9.795743e+01
1002	5.517741e+10	2.235507e+01
1003	3.033478e+10	7.117574e+02
1004	1.188106e+10	3.558970e+01
1005	1.161853e+10	1.668736e+01
1006	2.089166e+10	2.548372e+02
1007	5.928151e+10	4.965045e+01
1008	4.505794e+10	2.702974e+02
1009	1.892134e+10	3.347747e+02
1010	5.024255e+10	7.527922e+02
1011	3.354829e+10	6.030921e+01
1012	5.845508e+10	3.799330e+02
1013	2.530320e+10	5.235314e+02
1014	1.114597e+11	7.594267e+01
1015	1.183188e+11	1.736838e+02
1016	3.368926e+10	3.394779e+02
1017	5.014858e+10	9.869485e+02
1018	3.244375e+09	1.103339e+02
1019	4.781215e+10	2.029924e+02
1020	1.808189e+10	1.815855e+02
1021	1.098311e+10	3.708873e+01
1022	9.203797e+10	1.430347e+02
1023	6.044472e+09	8.168708e+00
