# Index	M_int	Con
0	9.208776e+10	5.463161e+02
1	1.026329e+11	7.591668e+01
2	5.012270e+10	3.023289e+02
3	1.118439e+11	1.051948e+02
4	7.538870e+10	5.751702e+02
5	1.128971e+11	5.988382e+02
6	5.545756e+10	7.096577e+01
7	5.512142e+10	8.307015e+02
8	5.819904e+10	1.071403e+02
9	5.446877e+10	3.445132e+02
10	3.015886e+10	6.860957e+01
11	6.807610e+10	6.043402e+02
12	8.659271e+09	2.434308e+02
13	5.327392e+10	3.767802e+02
14	3.307690e+10	2.627349e+02
15	1.884475e+10	1.529844e+01
16	7.711570e+10	7.846866e+02
17	1.422081e+10	5.881625e+01
18	4.035016e+10	5.677791e+02
19	3.210891e+10	3.170362e-03
20	1.029956e+11	8.188612e+02
21	4.245687e+10	3.837175e+02
22	8.476141e+10	1.063361e+01
23	1.594917e+11	5.013611e+02
24	2.426948e+10	1.825222e+01
25	2.978972e+10	3.210938e+02
26	3.727909e+10	1.948076e+00
27	5.939374e+10	7.023102e+02
28	1.337027e+11	4.644954e+01
29	1.526502e+11	1.318120e+02
30	2.035602e+10	3.871336e+02
31	4.207197e+10	7.041912e+01
32	6.767107e+10	1.498368e+02
33	1.575046e+10	2.697069e+02
34	9.671920e+10	4.064602e+01
35	3.991592e+10	3.793886e+02
36	5.320064e+10	2.760140e+02
37	1.187853e+11	1.263139e+02
38	1.027544e+11	1.918382e+02
39	1.903497e+11	3.749102e+02
40	3.459939e+10	4.716447e+03
41	6.504626e+10	1.396873e+02
42	8.139701e+10	4.724935e+02
43	1.083831e+10	8.905612e+00
44	1.047776e+11	3.180772e+03
45	2.121661e+11	5.236918e+02
46	1.342782e+10	7.381281e+01
47	1.017491e+11	4.769960e+02
48	9.091218e+09	4.890139e+01
49	7.662253e+10	5.268372e+02
50	2.191912e+10	2.145533e+02
51	1.193758e+11	3.578615e+02
52	3.675956e+10	5.852225e+01
53	5.693525e+10	1.197004e+02
54	6.324067e+10	2.129548e+02
55	1.116244e+10	6.726323e+01
56	7.184114e+10	1.046628e+02
57	6.678143e+10	7.347831e+01
58	2.370585e+10	2.060744e+02
59	4.104320e+10	1.973350e+02
60	6.756200e+10	1.181446e+02
61	1.526251e+10	5.947446e+01
62	9.287844e+10	3.552253e+01
63	2.546240e+10	2.548781e+02
64	1.121168e+11	3.516204e+01
65	6.790162e+10	2.304827e+02
66	9.565623e+10	1.669331e+02
67	3.438449e+10	7.906286e+01
68	1.655449e+11	1.369146e+01
69	1.614683e+11	5.209438e+02
70	3.027812e+10	2.145520e+02
71	1.476996e+11	1.203047e+02
72	3.610100e+10	2.051348e+02
73	1.032557e+10	5.689133e+01
74	4.817813e+10	6.959819e+02
75	7.215747e+10	2.513556e+02
76	7.876356e+10	2.279413e+02
77	5.077274e+10	1.992939e+02
78	1.630164e+10	1.119312e+01
79	1.184036e+11	1.290721e+02
80	1.151034e+10	5.450650e+01
81	1.360018e+11	2.619492e+02
82	7.938775e+10	9.813560e+01
83	1.180103e+11	3.058206e+02
84	5.054448e+10	7.169638e+01
85	1.012906e+10	2.542578e+01
86	5.657158e+10	1.129104e+02
87	2.593218e+10	9.783189e+01
88	7.788023e+10	4.018855e+02
89	1.251856e+11	3.385180e+01
90	3.902286e+10	4.835438e+02
91	4.740944e+10	2.744904e+01
92	4.014165e+10	7.324749e+01
93	1.106861e+11	6.220345e+02
94	5.212101e+10	1.256062e+02
95	7.070207e+10	1.252093e+03
96	7.824356e+10	3.276132e+00
97	6.947892e+10	1.183092e+02
98	5.415763e+10	6.533248e+02
99	6.086770e+10	5.684393e+02
100	4.014680e+10	7.517553e+02
101	1.151820e+11	2.870415e+02
102	5.119295e+10	3.750013e+02
103	3.295803e+10	8.570062e+01
104	3.232812e+10	3.292703e+01
105	5.731838e+10	3.386011e+02
106	1.610669e+10	3.500779e+00
107	1.614663e+11	4.365528e+02
108	2.246576e+10	7.890237e+01
109	5.444896e+10	1.643691e+02
110	6.510979e+10	2.758134e+02
111	1.809964e+10	2.293089e+01
112	9.930995e+10	4.831667e+02
113	2.258719e+10	7.862317e+00
114	6.309959e+10	6.226362e+01
115	1.979904e+10	1.550599e+00
116	5.785159e+10	1.056819e+03
117	8.327608e+10	3.562265e+02
118	5.394744e+09	1.781550e+01
119	4.329244e+10	3.274567e+02
120	8.814557e+09	6.491885e+01
121	1.780231e+10	2.276437e+02
122	1.907191e+11	6.510761e+02
123	4.341985e+10	7.719185e+01
124	5.561803e+10	3.897041e+01
125	4.986631e+10	1.066668e+01
126	9.877267e+10	4.417968e+02
127	8.368176e+10	5.959796e+01
128	7.610911e+10	2.899141e+02
129	1.663285e+11	3.489108e+02
130	6.344230e+10	2.238819e+02
131	6.521597e+10	2.307445e+02
132	8.497380e+10	4.795895e+02
133	6.397865e+10	4.052440e+02
134	2.091796e+11	1.531508e+02
135	5.355215e+10	4.606622e+01
136	5.826385e+10	2.810169e+01
137	4.905793e+10	3.274657e+02
138	6.711061e+10	5.717548e+01
139	1.069425e+11	5.782075e+02
140	1.293368e+10	8.786914e+01
141	4.660648e+09	2.520377e+01
142	1.191622e+11	3.036072e+02
143	2.719552e+10	4.575355e+02
144	1.027485e+11	1.416443e+02
145	1.382045e+10	3.207470e+01
146	4.738482e+10	1.465106e+02
147	1.533555e+10	7.339069e+01
148	1.268993e+11	1.109723e+02
149	1.175634e+11	4.596020e+02
150	4.382699e+10	1.362760e+01
151	6.588952e+10	2.956937e+02
152	3.375751e+10	9.130952e+01
153	3.088998e+10	3.173207e+02
154	3.276219e+10	8.512645e+01
155	2.723179e+10	4.474578e+02
156	7.538364e+10	8.911963e+00
157	1.703633e+11	1.402119e+02
158	3.132686e+10	6.764595e+02
159	1.020312e+11	5.817865e+01
160	5.766540e+10	2.785436e+03
161	6.874199e+10	2.267067e+02
162	6.832120e+10	1.215875e+02
163	3.702158e+10	2.761049e+02
164	9.923709e+10	8.267038e+00
165	7.790456e+10	5.814382e+00
166	6.193292e+10	2.521437e+02
167	1.393707e+11	2.100502e+00
168	3.639988e+10	1.379752e+02
169	1.483573e+10	3.553749e+01
170	5.552123e+10	1.451586e+03
171	3.259439e+10	1.387440e+02
172	4.478010e+10	5.758372e+02
173	7.494150e+10	6.554049e+01
174	2.382711e+10	8.159937e+01
175	1.244084e+11	6.145002e+02
176	7.535005e+10	1.129895e+02
177	1.106473e+11	3.997118e+02
178	2.377229e+10	9.425562e+01
179	3.473068e+10	1.306893e+02
180	6.118466e+10	4.106270e+02
181	5.388064e+10	5.361210e+01
182	4.921205e+10	4.023062e+02
183	4.662451e+10	1.910940e+02
184	1.653231e+11	8.178926e+02
185	5.899034e+10	1.711699e+02
186	8.297568e+10	3.300471e+02
187	5.755865e+10	3.230527e+01
188	2.368936e+10	1.757569e+02
189	2.114428e+10	1.455296e+02
190	1.086459e+11	4.375274e+02
191	6.632381e+10	1.092261e+03
192	7.255075e+10	4.350991e+02
193	8.739825e+10	6.877583e+01
194	4.575153e+10	6.048454e+00
195	4.824617e+10	4.936360e+02
196	1.120063e+11	1.616068e+03
197	6.640768e+10	4.892935e+02
198	7.733073e+10	1.341281e+02
199	7.249957e+10	2.728599e+02
200	5.232040e+10	6.329984e+02
201	3.490625e+10	4.975916e+02
202	3.038560e+10	1.848803e+02
203	2.229088e+10	9.232010e+00
204	6.726704e+10	1.956002e+02
205	6.549678e+10	1.450489e+02
206	2.366654e+10	2.577312e+01
207	5.231698e+10	7.350083e+01
208	2.106183e+10	2.387761e+01
209	1.403773e+11	7.660458e+02
210	5.792862e+10	1.999004e+02
211	1.496009e+11	3.112613e+02
212	2.056164e+10	2.111289e+02
213	9.959832e+09	6.948326e+01
214	6.832433e+10	7.136490e+02
215	3.063678e+10	2.140835e+02
216	6.748293e+10	1.727071e+03
217	1.892169e+11	1.596243e+02
218	1.476954e+10	6.094009e+01
219	3.252460e+10	1.542981e+02
220	1.475510e+11	5.228567e+02
221	1.047571e+11	6.965116e+02
222	4.693313e+10	5.298146e+01
223	3.521150e+10	5.772300e+02
224	1.371276e+11	3.905614e+02
225	1.569551e+11	8.274087e+01
226	7.325899e+10	3.885208e+02
227	7.057828e+10	3.186434e+03
228	8.113460e+10	4.267178e+02
229	5.102637e+10	5.506037e+02
230	7.083119e+10	7.443742e+01
231	5.683224e+10	1.532991e+03
232	1.005090e+11	2.036654e+01
233	1.754709e+11	6.132277e+02
234	2.573305e+10	2.897511e+02
235	6.258841e+10	2.138545e+02
236	2.099164e+10	5.025169e+01
237	6.009554e+10	7.091337e+02
238	6.597630e+10	5.470511e+02
239	1.774649e+10	1.166869e+01
240	1.005198e+11	5.680503e+02
241	3.378184e+10	1.068797e+02
242	5.233313e+10	3.518986e+02
243	6.052229e+09	1.363755e+01
244	7.477295e+10	3.327041e+02
245	5.006874e+10	2.158868e+02
246	3.299205e+10	1.511422e+02
247	1.187790e+11	3.361267e+02
248	3.826809e+10	5.421087e+01
249	3.487093e+10	1.410293e+02
250	5.763010e+10	1.348794e+02
251	4.533117e+10	1.581803e+02
252	7.466356e+10	3.174291e+02
253	2.051125e+10	3.224258e+01
254	2.511624e+10	1.804289e+02
255	1.079163e+11	6.173790e+02
256	8.010710e+10	6.850190e+02
257	8.357063e+10	2.757353e+02
258	3.579815e+10	8.272764e+01
259	9.367422e+10	1.512999e+02
260	7.370177e+10	9.207624e+01
261	6.285818e+09	1.168938e+01
262	7.053312e+10	3.135426e+02
263	3.320160e+10	1.298419e+00
264	7.928044e+10	2.409425e+03
265	1.350760e+11	3.396085e+01
266	3.197907e+10	3.660059e+02
267	5.882127e+10	3.728234e+01
268	9.877609e+10	3.127985e+02
269	3.901437e+10	6.789384e+02
270	4.569378e+10	2.849181e+02
271	3.790422e+10	4.851974e+02
272	1.375599e+11	1.083995e+02
273	6.248180e+10	3.726415e+05
274	5.879782e+10	7.302777e+00
275	1.676933e+10	2.796695e+02
276	1.599393e+11	5.873449e+01
277	1.095744e+11	2.740791e+02
278	5.105795e+10	8.563235e+02
279	3.712623e+10	1.298466e+01
280	1.130711e+11	9.058721e+02
281	3.238480e+10	2.909824e-03
282	1.471674e+11	6.482084e+02
283	3.092672e+10	3.546857e+02
284	1.081449e+11	3.057585e+02
285	8.813434e+10	1.178397e+03
286	3.039394e+10	2.016527e+02
287	9.138753e+10	1.012548e+03
288	1.677468e+10	2.075695e+02
289	1.029942e+10	2.730439e+01
290	6.642354e+10	6.787972e+02
291	2.144751e+10	1.514167e-01
292	9.735979e+10	6.129885e+02
293	9.827173e+10	3.656093e+02
294	9.162645e+09	1.594260e+01
295	2.077996e+10	1.376098e+03
296	3.724741e+10	2.314412e+01
297	2.772480e+10	7.489645e+01
298	1.841378e+11	4.377730e+02
299	8.238239e+10	2.143017e+01
300	5.692123e+10	4.127927e+01
301	3.127543e+10	7.567856e+01
302	4.508250e+10	2.323271e+02
303	8.475483e+10	1.765224e+01
304	3.881530e+10	2.922498e+02
305	7.793399e+10	3.509727e+02
306	4.151149e+10	3.005784e+02
307	5.393264e+10	3.484023e+01
308	9.320420e+10	1.423811e+03
309	6.262113e+10	6.189781e+02
310	1.151642e+11	1.422247e+02
311	2.185208e+10	5.071658e+02
312	6.204821e+10	1.485746e+02
313	9.013734e+10	1.110912e+03
314	9.488324e+09	5.494619e+01
315	1.067066e+11	5.500246e+02
316	2.186001e+10	6.163802e+01
317	5.724403e+10	1.389098e+01
318	1.141595e+11	1.813093e+02
319	2.086254e+10	1.746347e+02
320	5.986990e+10	2.011465e+02
321	3.827223e+10	5.058514e+01
322	4.245117e+10	2.089328e+02
323	3.719634e+10	1.197077e+02
324	1.197870e+11	3.955862e+02
325	8.001799e+10	2.885424e+02
326	4.213766e+10	9.527818e+01
327	1.914602e+11	3.624856e+02
328	8.978420e+09	1.068139e+01
329	1.472029e+11	2.658694e+02
330	2.735235e+10	1.347014e+01
331	2.203144e+10	7.044012e+02
332	9.357618e+10	4.407838e+01
333	1.046189e+11	2.464045e+02
334	3.098266e+10	4.330424e+02
335	7.034259e+10	6.284526e+01
336	3.443322e+10	2.913284e+03
337	1.145507e+11	7.037150e+01
338	2.243904e+10	2.605363e+02
339	7.156863e+10	3.565728e+01
340	8.326784e+10	4.596870e+02
341	2.162919e+10	5.444331e+01
342	2.118852e+10	6.056850e+01
343	3.607659e+10	6.301378e+02
344	1.143447e+11	4.498469e+02
345	7.659309e+10	5.630186e+02
346	2.912027e+10	8.991892e+01
347	8.536218e+10	5.489518e+02
348	1.158743e+10	1.386703e+02
349	3.193236e+10	2.826490e+02
350	5.465444e+10	2.898257e+02
351	1.964334e+10	5.685490e+01
352	9.504087e+10	8.075393e+02
353	7.100308e+10	2.356217e+02
354	1.027078e+10	7.582458e+01
355	5.210787e+10	4.456853e+02
356	9.865683e+09	7.316483e+00
357	6.412715e+10	7.187958e+01
358	1.450655e+11	9.079406e+02
359	1.205681e+10	4.350766e+01
360	8.007711e+10	1.370310e+02
361	6.958135e+10	1.406632e+02
362	1.438420e+10	2.161577e+02
363	1.527243e+11	2.268111e+02
364	5.403064e+10	8.722369e+02
365	6.533091e+10	6.136761e+00
366	9.985761e+10	6.540375e+02
367	5.742224e+10	1.193551e+02
368	8.254850e+10	3.182256e+02
369	4.338027e+10	3.453679e+05
370	2.078584e+11	3.251560e+02
371	1.192496e+11	2.960146e+02
372	1.197516e+11	1.605614e+02
373	1.544507e+10	9.048238e+00
374	1.832024e+10	2.965397e+02
375	8.836729e+10	2.072071e+02
376	3.325709e+10	2.251268e+02
377	1.267426e+10	8.071654e+01
378	6.729605e+10	3.818490e+02
379	1.146821e+10	3.147341e+01
380	1.387702e+11	1.036014e+03
381	1.617899e+11	1.116561e+03
382	1.608176e+10	1.442145e+02
383	1.287857e+11	2.201650e+02
384	4.809058e+10	4.271695e+02
385	6.134959e+10	6.005052e+02
386	1.120033e+11	3.133582e+02
387	1.659852e+11	3.181224e+02
388	2.033603e+10	5.685818e+01
389	1.548629e+10	4.282290e+01
390	8.432641e+10	2.554902e+02
391	2.707417e+10	2.178585e+01
392	1.008044e+11	9.387347e+02
393	1.761283e+11	1.205833e+01
394	2.256400e+10	2.150761e+02
395	4.730758e+10	3.083399e+01
396	9.540150e+10	1.671050e+02
397	5.084019e+10	3.184246e+05
398	1.994348e+10	1.717580e+01
399	6.074805e+10	1.029794e+02
400	2.016414e+11	7.802025e+02
401	3.734103e+10	6.722649e+01
402	4.950099e+10	2.600557e+01
403	8.790808e+10	2.155598e+02
404	6.570093e+10	4.894078e+02
405	7.279175e+10	7.959239e+01
406	3.519300e+10	2.082243e+02
407	5.564283e+10	8.723143e+01
408	8.532888e+10	6.419075e+02
409	5.092636e+10	8.654016e+01
410	4.790770e+10	5.740743e+02
411	8.814249e+09	3.986425e+01
412	5.418240e+10	1.839422e+02
413	4.901405e+10	1.153197e+02
414	4.935070e+10	2.841978e+02
415	3.663723e+10	3.792758e+02
416	1.743568e+10	2.422326e+01
417	2.059573e+10	6.167879e+01
418	7.998166e+10	4.791464e+02
419	1.554248e+10	3.798366e+01
420	9.134435e+10	6.047635e+01
421	1.533144e+11	2.351017e+02
422	2.960286e+10	3.386205e+02
423	6.964334e+10	7.095411e+02
424	2.658394e+10	9.734728e+01
425	3.235312e+10	3.094499e+02
426	1.118658e+11	3.361121e+02
427	1.749294e+10	3.407785e+03
428	5.451439e+10	3.827473e+02
429	5.183822e+10	4.360802e+01
430	7.928277e+10	1.419400e+02
431	1.191380e+11	3.762874e+02
432	7.223393e+10	1.845144e+02
433	7.772516e+10	4.258807e-03
434	8.250694e+10	3.250192e+02
435	1.725028e+11	4.522629e+02
436	5.022886e+10	5.679854e+02
437	3.569971e+10	8.784847e+02
438	1.083151e+11	3.415067e+01
439	7.845538e+10	3.653100e+02
440	5.726309e+10	1.676720e+02
441	1.300736e+11	4.137700e+02
442	3.179301e+10	5.570379e+01
443	1.059751e+11	5.244079e+02
444	7.419824e+10	7.786443e+01
445	3.730632e+10	2.025618e+02
446	3.790214e+10	1.295307e+03
447	1.744886e+10	5.170637e+01
448	7.570164e+10	2.668260e+02
449	2.419076e+10	1.845622e+01
450	8.685836e+10	5.796169e+02
451	6.969040e+10	5.065320e+00
452	9.753112e+10	2.667123e+02
453	7.102969e+10	6.714312e+02
454	3.847260e+10	3.460607e+01
455	3.997349e+10	9.133645e+02
456	3.441123e+10	1.993669e+02
457	6.736744e+10	1.009800e+03
458	3.176771e+10	4.753655e+01
459	1.853300e+10	6.429050e+02
460	9.219952e+10	2.428698e-03
461	6.819017e+10	1.926575e+02
462	3.643740e+10	6.176052e+02
463	8.858547e+10	1.367671e+01
464	5.442248e+10	1.074839e+03
465	1.046876e+11	2.159637e+02
466	3.256538e+10	5.015984e+03
467	3.643145e+10	4.590053e+01
468	4.746139e+10	4.606028e+02
469	7.894486e+10	6.211030e+02
470	1.444557e+11	2.507102e+02
471	2.945041e+10	4.723060e+02
472	1.007818e+11	1.641990e+02
473	5.255134e+10	4.707310e+02
474	5.519291e+10	3.699073e+02
475	8.423945e+10	5.299000e+02
476	8.774896e+09	5.347254e+01
477	1.515225e+10	3.337674e+01
478	1.859586e+11	9.271474e+02
479	1.772183e+10	2.519869e+02
480	8.120874e+10	3.384755e+02
481	1.048373e+11	4.831592e+02
482	5.914172e+09	3.085744e+01
483	9.327100e+10	1.600540e+02
484	2.874493e+10	6.603271e+01
485	3.585054e+10	1.950009e+01
486	2.087184e+10	2.396657e+02
487	4.746492e+10	1.305262e+02
488	1.954889e+11	6.133478e+02
489	5.616070e+10	1.870665e+02
490	3.770452e+10	2.744366e+02
491	7.810712e+10	2.222503e+01
492	4.589333e+10	1.794280e+02
493	4.786025e+10	9.263921e+01
494	1.587034e+11	1.265732e+03
495	4.483982e+10	7.061441e+02
496	7.209142e+10	1.105638e+02
497	5.438379e+10	3.149581e+03
498	8.426206e+10	6.448314e+02
499	5.594190e+10	1.841291e+02
500	9.287089e+10	7.236203e+02
501	5.620446e+10	3.832165e+01
502	6.920697e+10	2.553857e+02
503	4.078743e+10	3.598452e+00
504	1.481074e+10	2.550572e+02
505	5.357386e+10	9.263516e+01
506	7.020731e+10	2.076428e+02
507	1.120842e+10	3.910909e+01
508	6.389038e+10	2.003619e+03
509	8.073644e+10	3.827477e+02
510	1.518591e+10	2.882294e+01
511	5.661696e+10	2.904518e+03
512	2.071691e+10	7.910983e+01
513	7.878010e+10	4.327494e+02
514	1.368074e+11	4.963355e+02
515	5.942824e+10	4.388827e+02
516	1.062306e+11	2.771722e+01
517	7.257139e+10	1.501957e+03
518	3.933018e+10	1.808041e+03
519	2.525808e+10	2.946978e+01
520	3.147297e+10	2.013361e+02
521	8.657374e+09	5.296471e+01
522	7.176515e+10	5.232579e+02
523	4.715909e+10	1.954119e+02
524	1.227606e+11	3.344015e+02
525	7.331552e+10	2.267820e+02
526	6.231011e+10	4.054476e+01
527	4.315980e+10	4.526602e+02
528	2.955472e+10	6.371162e+01
529	7.300110e+10	4.167647e+02
530	9.798871e+09	5.552051e+01
531	8.484185e+10	3.543242e+02
532	3.762378e+10	7.696647e+00
533	3.129483e+10	1.286792e+02
534	6.963879e+10	1.916863e+02
535	8.653186e+10	1.287384e+02
536	1.132265e+11	1.118955e+03
537	8.097387e+10	6.645874e+02
538	3.866853e+10	2.711386e+03
539	3.035211e+10	9.898921e+01
540	3.587094e+10	3.591094e+02
541	1.018987e+11	3.300122e+05
542	4.791829e+10	3.105498e+02
543	1.580779e+10	1.419187e+01
544	1.383553e+11	6.513786e+00
545	9.704304e+10	5.387065e+02
546	3.959413e+10	6.860494e+02
547	5.653875e+10	3.278294e+01
548	1.014761e+10	2.342274e+02
549	4.894407e+10	6.784167e+02
550	1.039476e+11	4.669879e+02
551	3.307121e+10	8.038091e+02
552	1.866293e+10	1.156922e+01
553	6.534723e+10	1.087983e+02
554	1.361543e+10	2.220973e+01
555	6.787139e+10	4.916281e+02
556	1.920814e+10	5.502207e+00
557	2.436861e+10	1.967853e+02
558	4.329345e+10	4.575678e+02
559	2.306723e+10	1.284568e+02
560	1.158704e+11	1.443882e+03
561	5.418995e+10	6.846929e+00
562	6.599225e+10	5.800936e+02
563	3.480754e+10	4.316601e+02
564	6.620252e+10	1.506152e+02
565	7.466403e+10	6.673340e+02
566	9.652711e+09	3.857784e+01
567	8.717036e+10	8.886693e+02
568	5.483750e+10	2.620236e+02
569	3.221018e+10	1.430270e+03
570	1.154219e+11	5.095932e+01
571	4.194922e+10	1.013218e+02
572	8.263190e+10	3.936380e+01
573	8.169257e+10	5.928111e+02
574	8.368072e+10	3.035266e+02
575	7.314169e+10	3.154205e+01
576	4.148143e+10	9.127359e+02
577	1.582529e+11	3.499766e+02
578	5.804446e+10	1.968151e+02
579	5.272322e+10	3.278284e+01
580	4.480302e+10	1.261035e+03
581	4.240907e+10	1.014782e+02
582	2.109099e+10	2.493064e+01
583	1.982188e+10	1.340106e+03
584	1.368953e+11	5.625876e+01
585	4.596828e+10	1.744913e+02
586	4.970319e+10	1.204852e+02
587	1.331396e+11	1.164305e+03
588	8.064685e+09	3.271847e+01
589	4.201743e+10	9.056573e+01
590	8.213648e+10	3.266808e+02
591	9.518112e+10	4.417339e+01
592	7.942001e+10	4.379720e+02
593	1.585746e+10	2.763274e+02
594	8.514017e+10	1.612988e+03
595	1.694439e+10	1.670488e+01
596	1.545117e+11	7.474948e+03
597	4.909832e+10	5.320086e+02
598	3.311682e+10	1.051454e+02
599	5.220128e+10	1.077542e+03
600	1.047684e+10	6.348361e+01
601	9.089754e+10	9.666415e+02
602	1.130106e+11	1.370498e+03
603	3.271900e+10	4.607475e+03
604	3.798939e+10	2.830475e+02
605	7.375110e+10	4.693838e-01
606	1.179411e+11	1.154302e+01
607	4.276507e+10	8.528976e+01
608	4.964527e+10	2.744491e+02
609	3.169539e+10	6.720824e+02
610	1.789223e+11	2.383723e+00
611	4.287952e+10	3.575066e+02
612	6.380851e+10	4.828033e+01
613	6.411265e+10	7.039532e+01
614	7.356892e+10	2.856710e+02
615	5.171450e+10	9.956284e+01
616	3.888943e+10	1.150651e+03
617	6.857749e+10	2.530371e+02
618	4.485297e+10	8.586740e+02
619	2.416833e+10	3.534920e+00
620	6.836157e+10	6.168130e+02
621	4.032359e+10	1.075218e+02
622	1.783433e+10	1.048927e+02
623	6.152012e+10	1.144658e+03
624	2.696013e+10	1.475896e+01
625	4.621138e+10	2.085188e+02
626	6.135830e+10	1.473056e+02
627	5.706873e+10	3.504654e+02
628	2.137762e+10	9.822367e+00
629	2.030717e+10	2.137532e+02
630	4.553860e+10	1.914887e+02
631	1.867940e+10	5.801940e+01
632	8.259656e+10	5.010542e+02
633	3.573299e+10	2.357627e+01
634	4.776907e+10	2.095251e+02
635	9.985201e+10	5.377148e+02
636	4.856669e+10	8.816685e+02
637	3.782007e+10	1.210563e+02
638	5.618360e+10	6.556343e+01
639	7.780960e+10	2.276447e+02
640	4.612059e+10	1.086076e+01
641	6.944061e+10	1.153378e+03
642	1.639429e+10	2.710165e+01
643	1.970818e+10	4.990377e+02
644	9.601449e+10	3.975160e+02
645	8.385632e+10	3.267667e+01
646	6.004332e+10	3.075285e+02
647	7.033829e+10	1.705644e+02
648	1.015267e+11	6.092603e+02
649	2.038067e+10	4.129979e+01
650	1.249935e+11	2.556956e+02
651	1.765382e+10	7.444540e+01
652	6.530114e+10	1.142022e+02
653	2.699576e+10	1.123024e+03
654	4.487995e+10	3.651525e+02
655	1.733101e+11	2.879913e+02
656	1.843222e+10	3.759394e+01
657	1.643724e+11	9.402359e+02
658	3.886359e+10	3.234124e+01
659	1.113788e+11	6.793749e+02
660	1.824283e+10	7.919086e+00
661	2.036715e+10	2.188732e-03
662	4.482774e+10	1.994718e+02
663	6.330655e+10	1.966327e+01
664	5.854949e+10	5.391763e+02
665	1.101643e+11	1.180057e+02
666	4.452503e+10	1.222794e+03
667	5.705667e+10	2.868676e+02
668	3.231357e+10	2.476644e+03
669	5.061416e+10	5.226035e+01
670	8.266096e+10	1.855894e+02
671	1.478928e+10	5.893090e+02
672	8.521039e+10	2.914155e+01
673	6.177960e+10	2.884481e+01
674	2.003747e+10	2.111453e+02
675	1.121621e+11	1.005592e+02
676	5.986735e+10	1.595345e+02
677	2.062123e+10	4.195127e+00
678	6.646352e+10	7.550682e+02
679	5.741052e+10	3.031077e+02
680	7.955058e+10	7.295410e+02
681	2.002982e+10	1.490976e+03
682	2.932289e+10	2.492970e+02
683	1.297770e+11	1.668321e+03
684	3.817550e+10	7.589307e+01
685	1.157818e+10	2.566108e+01
686	5.654865e+10	8.358555e+02
687	1.215007e+10	2.782977e+01
688	1.279131e+11	1.431972e+03
689	6.685026e+10	3.845742e+02
690	5.215663e+10	4.068077e+02
691	9.023900e+09	4.740429e+01
692	7.500110e+10	1.724987e+02
693	5.236745e+10	1.961062e+02
694	3.524980e+10	3.436147e+01
695	5.008303e+10	3.710369e+02
696	3.001532e+10	1.288585e+02
697	6.493831e+10	1.546768e+02
698	1.017837e+11	1.751827e+03
699	5.362740e+10	7.653818e+02
700	1.966795e+10	9.713171e-01
701	1.000919e+11	1.538326e+01
702	4.960150e+10	1.230856e+02
703	1.020815e+11	2.492636e+02
704	1.768304e+10	1.730405e+02
705	1.187721e+11	2.215331e+02
706	6.984175e+10	9.539574e+02
707	4.466232e+10	8.984595e+01
708	5.499441e+10	1.561045e+02
709	5.213321e+10	3.188690e+02
710	5.218443e+10	5.386929e+01
711	2.158474e+10	1.274457e+02
712	3.300002e+10	3.392354e+00
713	6.523954e+10	2.979016e+02
714	1.256206e+10	2.230573e+01
715	1.236609e+11	5.990671e+02
716	9.079702e+09	2.382899e+02
717	6.561404e+09	7.482867e+01
718	6.142977e+10	5.601424e+02
719	4.079559e+10	1.519365e+02
720	7.488718e+10	6.048409e+02
721	2.304509e+10	2.273426e+01
722	1.363893e+11	5.404338e+02
723	4.514706e+10	1.199160e+02
724	5.647906e+10	8.829784e+02
725	9.414819e+10	4.636892e+02
726	1.109014e+10	9.738572e+01
727	9.763222e+10	2.365292e+02
728	5.103740e+10	8.840052e+01
729	4.574252e+10	1.452032e+03
730	6.723438e+10	4.351046e+02
731	3.654546e+10	2.256242e+02
732	2.200572e+11	2.235729e+02
733	1.104324e+11	5.451321e+02
734	3.232374e+10	3.526499e+02
735	3.233351e+10	4.597897e+01
736	3.729879e+10	9.172841e+00
737	6.587920e+10	4.801318e+02
738	1.002599e+11	5.269616e+01
739	4.049366e+10	1.683193e+02
740	1.103813e+10	4.715147e+00
741	5.613385e+10	4.698723e+00
742	6.820920e+10	9.333091e+02
743	1.313506e+11	5.507407e+01
744	3.320252e+10	5.215334e+02
745	3.992269e+10	5.804357e+01
746	1.241642e+11	2.407695e+02
747	1.630632e+10	1.389055e+01
748	9.757959e+10	5.528392e+02
749	8.897258e+10	6.546215e+02
750	1.712238e+10	7.779601e+00
751	1.116561e+11	3.211213e+02
752	5.891703e+10	2.554559e+02
753	5.850025e+10	4.512119e+02
754	1.366449e+10	9.359464e+01
755	7.748619e+10	2.856336e+02
756	2.117002e+10	1.150566e+03
757	2.174271e+10	2.045380e+01
758	3.908337e+10	6.322927e+01
759	1.853594e+10	1.007874e+02
760	3.446846e+10	2.941257e+02
761	5.413650e+10	2.381563e+02
762	3.180262e+10	1.815895e+02
763	5.894936e+10	7.624354e+00
764	3.946615e+10	3.394603e+01
765	6.299234e+10	4.329329e+02
766	1.123468e+11	6.025043e+01
767	2.950235e+10	2.632430e+02
768	1.158894e+11	7.276947e+01
769	5.503950e+10	4.001514e+02
770	7.607382e+10	2.242295e+02
771	2.331747e+10	7.141750e+00
772	1.006988e+11	6.411037e+01
773	5.106573e+10	1.066503e+03
774	2.986527e+10	7.140185e+01
775	5.788776e+10	2.392487e+02
776	4.047977e+10	6.605627e+01
777	6.172694e+10	3.039680e+02
778	6.518122e+10	1.047758e+02
779	2.881548e+10	1.059469e+03
780	1.245052e+11	4.562155e+02
781	1.034584e+11	7.122697e+00
782	1.614306e+10	1.132915e+02
783	3.431330e+10	9.965695e+01
784	3.661174e+10	4.467014e+02
785	1.628060e+11	4.136736e+02
786	3.154703e+10	2.070931e+02
787	5.354615e+10	5.891426e+02
788	2.922660e+10	5.982397e+02
789	9.086447e+10	2.952213e+02
790	7.452521e+10	1.066156e+02
791	4.090678e+10	3.504281e+02
792	8.458748e+10	8.141274e+01
793	2.801093e+10	7.671168e+02
794	2.812703e+10	2.266563e+02
795	1.018754e+11	6.762719e+02
796	2.220138e+10	8.420206e+01
797	1.765506e+10	4.974522e+01
798	1.064700e+11	4.027495e+02
799	1.311494e+10	4.516031e+01
800	1.885537e+10	9.178535e+01
801	6.662783e+10	2.393564e+02
802	2.157436e+10	9.758940e+01
803	3.146593e+10	4.339363e+02
804	5.360603e+10	2.514859e+01
805	6.705925e+10	2.475977e+02
806	4.756578e+10	5.163834e+02
807	5.118013e+09	1.615319e+00
808	2.002948e+11	2.187587e+02
809	1.590354e+10	2.450774e+01
810	3.817425e+10	3.177736e+02
811	7.504499e+10	4.942004e+02
812	2.420934e+10	3.518538e+02
813	2.346364e+10	2.673006e+02
814	1.865457e+11	3.494315e+02
815	2.822430e+10	5.940818e+02
816	1.046377e+11	6.522876e+01
817	2.666211e+10	4.912864e+02
818	1.350819e+11	4.942693e+02
819	7.905164e+10	3.673654e+02
820	6.812425e+10	8.673333e+00
821	3.565016e+10	8.297012e+01
822	7.491780e+10	3.335320e+02
823	5.974923e+10	7.495320e+02
824	2.824837e+10	5.316549e+02
825	1.015066e+11	2.527595e+02
826	1.314053e+11	3.895117e+02
827	2.992954e+10	1.138526e+01
828	6.182118e+10	1.054091e+04
829	4.710042e+10	1.813983e+02
830	7.040514e+09	9.440372e+01
831	1.170364e+11	4.354504e+05
832	9.563540e+09	1.517463e+01
833	7.604052e+10	2.868654e+02
834	2.986436e+10	3.975116e+01
835	8.375880e+10	2.773133e+03
836	1.049310e+10	5.839382e+01
837	3.110852e+10	9.173699e+00
838	1.625347e+11	8.356144e+02
839	2.555354e+10	3.141490e+01
840	5.986189e+10	2.630192e+02
841	1.073390e+11	4.024221e+01
842	4.718108e+10	9.322595e+02
843	3.150900e+10	6.354735e+01
844	9.300213e+10	4.006353e+02
845	5.314409e+10	3.711877e+02
846	8.388852e+10	1.107547e+02
847	2.499302e+10	2.359061e+02
848	8.386375e+10	1.569608e+02
849	4.517401e+10	5.402536e+02
850	4.434173e+10	2.640282e+02
851	2.099594e+10	3.461527e+02
852	4.189005e+10	1.680131e+01
853	7.367214e+10	5.761549e+01
854	6.863481e+10	1.608721e+03
855	4.547325e+10	5.796257e+01
856	6.199061e+10	3.623076e+01
857	5.731262e+09	1.001191e+01
858	6.768315e+10	1.165039e+02
859	3.740438e+10	6.743114e+01
860	5.419621e+10	1.633250e+03
861	7.758585e+10	4.081846e+02
862	1.253648e+10	2.794801e+01
863	5.484160e+10	2.032443e+02
864	6.397597e+10	2.047328e+02
865	2.233577e+10	3.837692e+01
866	1.312156e+11	6.865696e+04
867	1.926340e+10	1.207383e+02
868	3.834714e+10	1.958822e+05
869	5.791339e+10	1.812927e+02
870	7.774074e+09	1.475374e+01
871	5.211268e+10	1.243180e+02
872	1.554994e+10	1.624416e+02
873	5.911002e+10	7.124849e+03
874	7.261809e+10	2.292316e+01
875	8.046810e+10	1.506828e+02
876	1.927487e+10	6.976926e+01
877	1.815187e+11	1.754792e+02
878	4.285868e+10	2.575497e+02
879	5.086208e+10	4.298063e+01
880	2.053221e+10	3.955836e+02
881	8.061829e+10	6.480434e+01
882	5.420554e+10	3.121051e+02
883	1.240500e+11	3.607742e+01
884	2.571403e+10	1.631464e+02
885	3.179631e+10	5.920225e+02
886	2.297534e+11	1.757104e+02
887	3.989297e+10	4.867102e+03
888	4.847531e+10	9.408826e+00
889	5.244852e+10	4.450638e+02
890	1.332294e+10	1.581893e+01
891	4.707785e+10	5.113220e+02
892	5.338103e+10	2.364971e+02
893	3.040902e+10	1.013031e+02
894	2.679237e+10	1.678393e+02
895	1.311995e+10	7.086430e+01
896	8.024168e+10	4.812953e+02
897	1.102675e+10	3.728212e+01
898	9.634752e+10	5.439264e+02
899	2.410060e+10	1.365210e+02
900	1.488811e+11	1.827466e+02
901	4.533759e+10	2.743354e+02
902	3.983823e+10	2.316842e+02
903	9.065741e+10	3.480842e+02
904	4.059351e+10	1.283234e+02
905	5.820030e+10	4.537996e+02
906	3.950455e+10	7.101989e+01
907	1.312769e+10	9.072664e+01
908	6.762284e+10	1.213174e+02
909	4.260775e+10	2.352929e+01
910	4.185156e+10	1.240400e+03
911	8.620369e+10	1.451799e+02
912	4.968461e+10	7.075143e+02
913	5.000057e+10	6.555774e+02
914	1.672623e+10	1.812790e+02
915	6.965646e+10	6.323520e+03
916	6.202328e+10	2.114654e+02
917	5.037625e+10	2.442634e+02
918	1.446581e+11	2.983067e+02
919	2.542336e+10	1.995562e+01
920	9.526871e+10	3.737313e+01
921	7.923229e+10	4.821713e+00
922	2.356073e+10	4.013764e+01
923	5.744953e+10	1.040257e+02
924	5.114583e+10	2.123008e+01
925	7.774523e+09	5.857779e+01
926	7.234810e+10	4.669507e+02
927	3.392261e+10	1.307125e+02
928	8.836553e+10	3.425958e+05
929	9.312706e+10	2.600718e+02
930	2.080568e+10	2.855499e+01
931	5.165617e+10	1.458848e+02
932	2.554108e+10	4.592711e+01
933	1.330898e+10	7.139143e+00
934	9.214066e+10	1.624293e+02
935	1.145334e+10	2.086362e+01
936	6.332934e+10	3.774154e+02
937	8.993906e+10	2.027220e+02
938	3.606687e+10	7.683639e+02
939	2.483059e+10	2.029164e+01
940	2.096310e+10	3.529961e+02
941	4.099722e+10	1.278818e+03
942	9.391874e+10	4.672556e+01
943	3.431964e+10	9.048713e+00
944	1.582514e+10	3.277216e+00
945	8.539048e+10	2.874869e+02
946	1.060172e+11	5.054010e+02
947	9.878252e+10	4.096891e+01
948	2.727338e+10	2.953484e+01
949	7.915741e+10	6.706882e+01
950	1.388047e+11	8.848453e+02
951	1.072069e+11	1.055586e+03
952	8.877077e+10	1.285083e+03
953	5.996459e+10	2.599758e+02
954	3.228369e+10	4.598499e+02
955	1.840914e+10	1.121388e+01
956	1.175303e+11	4.598573e+02
957	4.884350e+10	4.138388e+02
958	7.280439e+09	1.972615e+01
959	1.165432e+11	1.039911e+03
960	3.409113e+10	5.998817e+02
961	1.932192e+11	2.315194e+03
962	1.654076e+10	5.311649e+01
963	6.154062e+10	2.727249e+02
964	1.165473e+10	1.566921e+01
965	4.358286e+10	7.357928e+01
966	5.062531e+10	4.277111e+02
967	3.396966e+10	7.608488e+00
968	9.551619e+10	5.867256e+02
969	1.092831e+11	1.803757e+02
970	4.117362e+10	2.794377e+02
971	1.374461e+11	6.397498e+02
972	7.724869e+10	1.329230e+02
973	8.173943e+10	2.484077e+02
974	5.256635e+10	1.882180e+02
975	1.241325e+11	3.289893e+02
976	1.268813e+11	5.142859e+01
977	7.593113e+10	2.354739e+02
978	6.772953e+10	3.575484e+01
979	5.626995e+10	2.140611e+02
980	1.021755e+11	1.711670e+02
981	1.302197e+11	2.045771e+02
982	2.216399e+10	1.693145e+02
983	7.207405e+10	2.065141e+02
984	3.869775e+10	2.724645e+03
985	4.488905e+10	3.099118e+02
986	5.003042e+10	2.643459e+02
987	1.803840e+10	2.683632e+01
988	5.025316e+10	3.210276e+02
989	2.854897e+10	2.431856e+02
990	5.164127e+10	5.793698e+02
991	7.390330e+10	6.640096e+02
992	1.949424e+10	3.804598e-01
993	1.000251e+11	2.770856e+02
994	4.927317e+10	9.557885e+02
995	3.675196e+10	7.593679e+01
996	1.261465e+11	4.401000e+02
997	6.008123e+10	2.020830e+02
998	3.959313e+10	5.626392e+01
999	9.411396e+10	6.814520e+01
1000	6.407037e+10	4.611728e+01
1001	5.343723e+10	9.795743e+01
1002	1.279990e+11	2.235507e+01
1003	3.641743e+10	7.117574e+02
1004	5.089456e+10	3.558970e+01
1005	4.006864e+10	1.668736e+01
1006	4.209894e+10	2.548372e+02
1007	1.127860e+11	4.965045e+01
1008	6.611537e+10	2.702974e+02
1009	8.185918e+10	3.347747e+02
1010	6.729007e+10	7.527922e+02
1011	6.255348e+10	6.030921e+01
1012	9.502101e+10	3.799330e+02
1013	7.114206e+10	5.235314e+02
1014	2.165735e+11	7.594267e+01
1015	1.272257e+11	1.736838e+02
1016	5.664641e+10	3.394779e+02
1017	5.063230e+10	9.869485e+02
1018	1.735923e+10	1.103339e+02
1019	7.631263e+10	2.029924e+02
1020	3.825019e+10	1.815855e+02
1021	3.901371e+10	3.708873e+01
1022	1.149864e+11	1.430347e+02
1023	3.577672e+10	8.168708e+00
