1.760508 0.295431
0.742619 0.127708
1.524062 0.176755
1.694826 0.345598
0.735550 0.054381
1.992368 0.303393
1.375945 0.064546
1.584333 0.299544
0.862802 0.180476
1.514186 0.372310
1.810765 0.341107
0.956747 0.261323
1.515167 0.110293
0.998317 0.223716
1.497222 0.351245
1.260320 0.353800
1.184403 0.278589
0.979660 0.399342
1.244047 0.212186
0.690213 0.257724
1.294292 0.188862
1.384481 0.361008
1.704700 0.259107
1.387148 0.295284
0.683709 0.167144
1.701752 0.126381
1.593558 0.223991
0.665876 0.053753
1.763029 0.316568
0.828399 0.219840
1.435739 0.095168
1.157994 0.286934
0.645644 0.216789
0.712440 0.160691
0.718663 0.130980
1.839201 0.106524
0.908340 0.166752
1.163263 0.107747
0.904931 0.126952
1.865536 0.189473
1.809253 0.236028
1.058156 0.217131
1.022210 0.231506
1.240489 0.398384
1.806869 0.066303
1.498313 0.213576
1.643805 0.342132
1.472379 0.320225
1.212114 0.269506
1.156527 0.344110
1.803053 0.301980
0.599982 0.387742
0.872139 0.224399
1.419312 0.229251
0.798618 0.253716
1.946771 0.399528
1.672127 0.119873
1.198153 0.238869
1.734284 0.315778
1.064497 0.374698
1.349129 0.140114
1.931855 0.146184
0.730928 0.315128
1.098935 0.187673
1.887085 0.363894
0.511862 0.114163
1.078502 0.254672
1.076142 0.173278
1.759317 0.325283
1.701654 0.119847
0.780187 0.319673
1.206192 0.247395
1.512056 0.390586
0.512497 0.242845
1.862144 0.129973
1.471609 0.239152
1.152202 0.079138
1.131308 0.228699
1.304568 0.273354
1.216051 0.279723
0.529634 0.092093
1.416103 0.198139
1.849315 0.262613
1.054495 0.309913
1.357769 0.053649
0.655506 0.258709
1.584009 0.284762
1.225286 0.148356
1.985181 0.302242
1.936356 0.365513
0.809695 0.086365
1.018842 0.224753
0.877535 0.250916
1.164725 0.195985
1.607965 0.319508
0.862457 0.168172
1.853229 0.364156
1.441671 0.214075
1.285840 0.205521
1.504652 0.324117
1.209591 0.070926
0.593516 0.058568
0.820770 0.079567
1.814611 0.296101
1.289751 0.238682
0.530213 0.168529
0.705296 0.127023
0.640957 0.277808
1.897964 0.384032
1.355990 0.305921
0.684576 0.072510
0.527281 0.266289
0.541513 0.208225
0.912338 0.250701
1.044200 0.282025
1.547475 0.322211
1.302721 0.387555
1.428440 0.243401
0.742999 0.207402
0.663695 0.084066
1.655753 0.363595
1.050371 0.118622
1.622403 0.235377
1.865756 0.300748
0.589046 0.395452
1.687551 0.141200
1.382810 0.164871
1.133978 0.058352
0.966463 0.108319
0.589010 0.139123
1.368425 0.181459
1.429387 0.371425
1.216546 0.150763
1.870802 0.255472
1.733556 0.194840
1.745586 0.143082
1.697956 0.058407
0.806655 0.274362
1.680954 0.142361
1.291499 0.115215
1.421956 0.305099
1.504758 0.283166
1.844080 0.306428
1.554712 0.105939
1.942789 0.293807
1.645964 0.102259
1.411603 0.353864
1.034099 0.352147
0.715479 0.086143
1.273233 0.341477
0.721753 0.234095
0.715378 0.181326
0.728541 0.083721
1.107069 0.183058
1.057010 0.229000
1.871885 0.370523
1.208447 0.307210
1.323591 0.297308
1.937008 0.223218
1.264971 0.198772
0.616186 0.149033
1.080385 0.381561
0.990363 0.374821
1.209199 0.168718
1.083524 0.161660
0.859176 0.282100
1.208857 0.222236
1.696510 0.081090
0.758140 0.176301
1.518658 0.123214
1.699986 0.255890
1.427139 0.280524
0.992498 0.163320
1.151008 0.124054
1.487628 0.313966
0.514861 0.139456
1.375095 0.165249
0.792333 0.067767
1.678802 0.306136
0.599376 0.339076
1.163688 0.150755
1.489147 0.151839
1.215407 0.186985
1.444374 0.096872
0.725115 0.398196
1.155834 0.100041
1.844100 0.247466
0.822134 0.348036
0.871205 0.198068
0.884139 0.309213
1.707051 0.395542
1.121492 0.051858
1.200200 0.153909
0.730538 0.079020
0.888810 0.086750
1.773145 0.079133
1.359828 0.115350
1.935907 0.365167
0.974869 0.223132
0.776601 0.207675
1.620863 0.059289
1.746349 0.121559
1.839368 0.101048
1.021800 0.379101
0.810321 0.332603
0.518443 0.225046
1.945695 0.248630
0.689742 0.126516
0.583339 0.238636
0.697683 0.116686
0.725257 0.092343
1.103037 0.343245
0.505241 0.323766
1.354063 0.096109
0.607272 0.290032
1.424773 0.186271
1.958657 0.079716
1.931674 0.274903
1.884136 0.232917
1.843277 0.052975
1.015706 0.335395
0.965313 0.353957
1.867301 0.109228
1.836438 0.340546
0.820624 0.116631
1.576743 0.102499
1.283601 0.245272
0.824831 0.380399
0.768824 0.171829
1.422590 0.101329
1.318002 0.264808
1.185172 0.184719
0.746788 0.334749
1.862351 0.122844
1.166132 0.133173
0.780891 0.390542
0.811812 0.189658
0.588362 0.337500
0.592437 0.234426
1.975461 0.146020
1.721549 0.221825
1.124571 0.264760
1.215573 0.076612
0.635459 0.292409
0.920708 0.373948
1.064338 0.391770
1.366304 0.093469
1.811575 0.194403
0.667259 0.224863
0.972527 0.337936
1.633007 0.232926
0.545351 0.370324
1.457803 0.167724
1.360910 0.088176
1.772824 0.393421
0.553876 0.333217
1.454644 0.284224
1.468650 0.308462
1.827658 0.095683
0.724438 0.113895
1.387860 0.234381
0.929674 0.080904
1.749175 0.175054
1.053350 0.258497
1.699562 0.259511
1.881752 0.243884
1.162484 0.334152
1.970283 0.076232
0.623827 0.148742
1.511018 0.278407
1.883177 0.095399
0.569516 0.197373
1.071209 0.283569
0.716153 0.187246
0.661508 0.140035
1.885432 0.396020
1.474172 0.054884
0.743962 0.363822
0.724210 0.274134
0.779896 0.323126
1.432989 0.293693
1.455121 0.281412
1.025411 0.071503
0.986231 0.181014
0.697125 0.139202
1.842355 0.181120
1.285605 0.349811
1.443487 0.384235
1.927601 0.201242
0.671821 0.331952
1.621162 0.374691
1.505662 0.052598
0.633051 0.197599
1.793898 0.267772
0.666342 0.261577
1.708229 0.236860
0.549255 0.183321
1.030685 0.324752
1.808612 0.376737
1.127749 0.363048
1.296644 0.299439
1.234724 0.083271
0.958247 0.061607
0.778777 0.391800
1.232646 0.374776
1.642005 0.141027
0.847296 0.084322
1.894704 0.296639
1.024067 0.153930
1.213125 0.192621
1.007675 0.241932
0.512640 0.085824
0.848107 0.099824
0.864564 0.344063
1.551281 0.250664
1.300998 0.395891
0.599987 0.169432
1.727549 0.202102
0.702601 0.207132
0.894971 0.126621
1.833834 0.193830
0.946746 0.340282
0.905155 0.370716
1.908310 0.126717
1.092329 0.154290
1.566481 0.218343
0.856899 0.054415
1.220879 0.089713
1.342019 0.303048
0.790079 0.198846
0.899029 0.365466
1.650388 0.143067
1.727779 0.072020
0.625689 0.094610
1.035273 0.283119
1.908460 0.249015
0.983711 0.175421
1.490520 0.245335
0.969433 0.057375
0.623656 0.247634
1.680838 0.183160
0.615808 0.313862
0.849457 0.102593
1.271274 0.145787
1.453962 0.068120
1.314826 0.337061
1.896240 0.297065
1.843192 0.097547
1.352187 0.396251
1.956896 0.323264
0.763887 0.197213
1.576390 0.153347
1.579999 0.267847
0.860892 0.331526
1.674005 0.297405
0.663554 0.336597
1.424889 0.190287
1.985643 0.146673
0.997211 0.093303
1.817059 0.244276
1.456640 0.303425
1.654093 0.204353
0.607364 0.375828
0.871432 0.211824
0.747030 0.371670
0.626528 0.297875
1.166576 0.200042
1.806144 0.150641
1.293775 0.387485
1.978811 0.104233
0.736948 0.303833
0.942416 0.275806
0.800045 0.108634
0.676279 0.138513
0.822507 0.151894
1.835680 0.060824
0.800209 0.148885
0.979032 0.183756
0.957228 0.180015
0.755761 0.121981
1.467817 0.251993
1.265130 0.118761
1.229429 0.134397
1.846364 0.326327
1.123591 0.361142
1.332371 0.319548
0.999310 0.194530
1.267597 0.360355
1.037872 0.185078
0.708968 0.193857
1.974095 0.120596
0.890343 0.225144
1.223473 0.344374
0.603945 0.208245
1.693233 0.212861
1.849997 0.231364
1.649570 0.105543
1.815319 0.156022
1.489339 0.261222
1.075567 0.346122
1.839055 0.358083
1.501735 0.238248
1.937301 0.243559
1.474060 0.399478
1.172175 0.085003
1.963399 0.341045
0.997660 0.166408
1.826492 0.294986
1.535718 0.375752
0.969624 0.128658
0.626316 0.185671
0.703634 0.151077
1.541823 0.226462
0.641771 0.209816
0.744963 0.259354
1.389361 0.362796
0.819536 0.176916
0.650753 0.359302
1.954784 0.083115
1.772664 0.162749
1.242064 0.055679
1.584884 0.381206
0.649795 0.366904
1.363909 0.059293
1.946181 0.393801
1.343885 0.305352
1.532296 0.166779
1.529114 0.087264
1.940153 0.367826
1.664374 0.392711
1.819338 0.367345
1.973202 0.091649
1.663455 0.237791
1.383631 0.270236
1.953664 0.309542
1.624786 0.276518
1.751114 0.322229
1.330492 0.272397
1.188190 0.348299
0.506880 0.133113
1.964431 0.121406
0.869015 0.262921
1.394939 0.115533
1.533422 0.067081
0.598103 0.205245
1.101947 0.259941
1.054554 0.355518
0.703598 0.131809
0.528563 0.174210
1.401923 0.313697
1.966830 0.250259
1.132806 0.363072
0.755499 0.395861
1.843206 0.229633
1.593095 0.233577
1.429468 0.289648
0.558842 0.367415
1.797888 0.302121
1.785132 0.128165
1.535856 0.390336
1.067379 0.330802
1.937991 0.187274
0.955154 0.141183
1.209967 0.094460
0.701499 0.371039
0.965179 0.375869
1.406117 0.101705
0.502905 0.194957
1.004730 0.209234
1.320384 0.340144
0.647098 0.382212
1.356852 0.329575
1.942831 0.058291
1.618539 0.280400
1.173145 0.360311
1.250080 0.133403
1.172242 0.137685
1.500864 0.398369
1.188901 0.298215
0.515969 0.264066
1.491025 0.317685
1.391366 0.113925
1.296203 0.349798
0.563149 0.160499
1.462359 0.396321
1.364958 0.230898
1.884836 0.199896
1.959870 0.199448
1.853195 0.399777
0.775490 0.319427
1.991434 0.320029
1.187072 0.344797
1.768699 0.065581
0.662029 0.111412
1.619360 0.250149
1.660889 0.144593
0.843843 0.334131
1.605802 0.082255
1.331643 0.349520
1.185755 0.262228
1.462836 0.256223
1.245370 0.373456
0.662719 0.157003
1.613232 0.163706
1.983070 0.275792
0.872385 0.355946
1.243774 0.293110
1.852975 0.137356
0.670505 0.070207
1.090895 0.369062
1.371477 0.212029
1.128083 0.394464
0.822076 0.090735
0.558999 0.100967
1.892368 0.225635
1.538398 0.381936
1.937057 0.086562
1.345234 0.193767
0.909138 0.089494
0.855691 0.239859
1.604071 0.230371
1.596765 0.268561
1.136385 0.202665
1.338415 0.334114
1.055266 0.218073
1.152242 0.080130
1.497778 0.219308
1.997751 0.129886
0.652436 0.259873
0.855445 0.390607
1.325379 0.382775
1.063107 0.175768
0.613293 0.356032
1.939743 0.333337
0.587165 0.335156
0.907918 0.321593
1.198393 0.241064
1.380434 0.220567
1.181154 0.119843
0.922180 0.212519
0.691739 0.166499
1.846797 0.256349
1.122740 0.396049
1.719844 0.056979
1.414428 0.329223
0.857359 0.189905
0.755963 0.107304
0.616990 0.188249
0.993960 0.115745
1.906012 0.335210
1.126263 0.348706
1.010532 0.269048
1.634362 0.170978
0.946940 0.052890
1.915282 0.325400
1.733403 0.089089
0.964087 0.334534
1.953433 0.256591
0.789228 0.109260
1.524740 0.281049
1.375712 0.397937
0.846431 0.074667
1.440625 0.262234
1.067417 0.245648
0.576618 0.263963
1.167707 0.075770
1.416120 0.207213
1.494489 0.236059
1.340956 0.372466
1.472851 0.059337
0.905222 0.316438
0.891311 0.372860
1.702354 0.208198
1.977596 0.240124
1.944567 0.066042
1.483164 0.331657
1.278653 0.115709
1.685981 0.354819
1.165743 0.251273
1.086780 0.199077
1.347679 0.338032
0.824760 0.383419
0.794135 0.354612
1.749113 0.208614
1.838183 0.079372
1.783463 0.182925
0.775366 0.160543
1.187174 0.192670
1.895291 0.169115
1.489139 0.365824
0.716195 0.250925
1.230657 0.207285
1.964018 0.196382
1.165819 0.188997
0.764039 0.159834
1.621359 0.101111
1.798023 0.202446
0.662183 0.368402
1.707425 0.165342
1.001929 0.343516
1.597722 0.367747
1.268803 0.103026
1.937832 0.100233
1.460005 0.209159
1.345894 0.252781
1.704972 0.326607
1.776087 0.193582
0.669400 0.388937
1.585159 0.160076
1.047113 0.303826
0.865146 0.202215
0.947727 0.182491
1.831355 0.334491
0.950953 0.193933
0.619574 0.209318
1.035333 0.390733
0.816533 0.330806
1.769821 0.257804
0.911332 0.217543
1.623663 0.172098
1.084655 0.076306
1.931390 0.240885
0.992053 0.066423
1.925814 0.383257
1.856496 0.056740
0.551394 0.313425
1.137999 0.339725
0.652431 0.055276
0.795724 0.227368
1.317183 0.396030
1.358721 0.213837
1.891462 0.104386
0.620459 0.361685
0.628970 0.392986
0.863770 0.174073
0.720288 0.295614
1.393496 0.157791
1.287093 0.347572
1.892750 0.303497
1.051691 0.355894
0.851230 0.367174
0.964725 0.087405
1.518890 0.068388
1.686200 0.225099
1.001767 0.178278
1.775448 0.278572
1.828774 0.190518
1.919849 0.378671
0.659084 0.253663
0.575684 0.188706
1.264517 0.098444
1.471759 0.098417
0.567535 0.161158
0.570886 0.347726
0.782842 0.361428
0.854295 0.220734
1.168250 0.244322
1.312587 0.147353
1.152431 0.246085
1.615774 0.348307
0.699116 0.355710
1.304639 0.110014
1.506437 0.219067
1.985851 0.391004
1.543041 0.294546
1.824144 0.281116
1.741167 0.250829
1.577257 0.122582
0.735364 0.279161
1.559347 0.395641
0.537571 0.209138
1.333221 0.143788
1.529513 0.323853
1.614223 0.092751
1.090300 0.180262
1.339866 0.190813
1.116280 0.242371
1.657065 0.389310
0.596461 0.333482
1.337842 0.064378
1.544551 0.107012
1.058880 0.313905
0.942886 0.183493
0.788529 0.191991
1.453733 0.367765
0.713506 0.051497
1.931531 0.301059
1.094905 0.128409
1.307627 0.213984
1.744539 0.372662
0.717012 0.361050
1.967533 0.226553
1.730940 0.192923
1.088257 0.147179
1.830386 0.198044
0.583728 0.188780
1.436998 0.186682
1.186164 0.285477
1.171702 0.141650
1.418922 0.170833
0.617354 0.212819
1.051981 0.320382
0.815414 0.103722
1.077612 0.270024
1.383401 0.154216
0.960625 0.097887
0.577081 0.164449
1.447708 0.340416
1.654750 0.256397
1.410559 0.368640
1.682533 0.154472
0.784513 0.207787
1.639649 0.212778
1.266010 0.183273
1.126551 0.127049
1.254155 0.111858
0.783065 0.241664
0.634137 0.271147
1.939756 0.325186
0.994624 0.364362
1.738601 0.081482
1.175770 0.090182
0.695531 0.187150
1.690852 0.111993
0.730270 0.245396
0.993151 0.306780
1.038373 0.145169
1.550036 0.051531
0.873515 0.189536
1.211803 0.283756
1.526615 0.337579
1.720740 0.383064
0.758018 0.075983
1.964227 0.099556
0.747282 0.286062
0.825369 0.187292
1.696827 0.133833
1.414422 0.087279
1.045169 0.194921
1.079751 0.078926
1.595362 0.136790
1.037538 0.359044
0.620581 0.094621
1.314318 0.091388
1.321417 0.370748
1.427627 0.192223
1.617091 0.118457
0.923368 0.151048
1.814348 0.124390
1.391249 0.365598
0.973596 0.215986
1.169986 0.339038
1.899392 0.146301
1.953202 0.276743
0.713173 0.372074
0.622626 0.114782
1.501868 0.157176
0.933323 0.281991
1.297794 0.295834
1.006625 0.162521
1.928422 0.284995
0.848025 0.173071
0.886489 0.325351
1.383903 0.313330
1.521021 0.308055
0.998737 0.066220
1.260504 0.152797
0.703908 0.119587
0.859692 0.087988
1.021714 0.059958
0.708767 0.183217
1.716447 0.111334
1.114486 0.342857
1.207470 0.142208
0.984241 0.054328
0.957872 0.380113
1.753136 0.063979
1.152201 0.303915
0.710625 0.311914
1.644407 0.193735
1.380096 0.243241
1.680143 0.168290
1.699706 0.071966
1.987926 0.344728
1.081069 0.187475
1.495468 0.277959
0.964137 0.267889
0.757741 0.239292
0.893103 0.272323
1.299932 0.382516
0.977954 0.358667
0.750771 0.252017
1.531195 0.218941
0.512545 0.174469
1.618837 0.320447
0.774166 0.212950
1.282868 0.213723
1.180213 0.262206
1.178514 0.242837
0.984898 0.303139
1.461096 0.211150
1.653689 0.303461
0.541893 0.096246
1.907713 0.161159
1.218890 0.084145
1.879027 0.334939
1.391642 0.088385
1.237648 0.371536
1.033366 0.223254
1.802233 0.356541
0.810917 0.194211
1.592791 0.108602
1.645417 0.195940
0.816624 0.315949
1.422449 0.226026
1.314302 0.309654
0.829060 0.347466
1.651723 0.319469
1.418342 0.351413
1.544677 0.168223
1.121263 0.346350
1.323854 0.233422
0.833840 0.153596
1.787984 0.255683
0.790487 0.125385
0.975764 0.085820
1.013507 0.342878
1.140327 0.054272
1.028353 0.209171
0.516565 0.136862
1.007176 0.382509
1.733037 0.225330
1.989420 0.392850
1.611019 0.263967
1.841901 0.311961
0.695621 0.373673
0.775038 0.377780
0.817340 0.282502
1.769481 0.358410
1.101629 0.282648
1.049513 0.311447
1.678508 0.133226
1.697747 0.278503
1.792577 0.112962
0.677734 0.352870
1.928959 0.151829
0.940861 0.099819
1.597518 0.367819
1.744037 0.210056
0.777159 0.188704
1.278779 0.314841
1.559006 0.237941
1.688137 0.375742
1.103304 0.194898
0.702394 0.253084
1.489925 0.142734
1.624629 0.265548
1.181675 0.306435
1.468679 0.151910
0.523134 0.208603
1.179200 0.391739
0.993869 0.319105
1.619606 0.255497
1.140654 0.082831
1.650048 0.239405
0.742614 0.267291
1.584063 0.235960
1.563773 0.057563
0.744891 0.159210
0.768841 0.276127
0.753814 0.384176
1.362302 0.366662
1.845874 0.088583
0.838198 0.058565
1.405615 0.396986
1.914309 0.201641
0.654799 0.335154
1.443970 0.346025
1.137964 0.384362
1.121527 0.167851
0.848769 0.132537
1.259291 0.372719
0.510162 0.136815
0.739452 0.289473
1.689654 0.194126
0.611482 0.337722
1.258679 0.184356
0.987792 0.251015
1.098182 0.396470
1.666095 0.262258
0.714560 0.334658
1.375421 0.312812
1.625960 0.238296
1.403793 0.236003
1.092475 0.053769
1.535982 0.098896
1.293133 0.331087
1.472841 0.190705
1.526414 0.258127
1.429559 0.373744
1.518433 0.216111
1.172722 0.280669
1.385359 0.102934
1.143175 0.059327
0.528872 0.127334
1.931573 0.211165
1.118586 0.184482
1.452704 0.376889
1.624992 0.142477
1.222592 0.350031
0.593423 0.335822
0.760272 0.308860
0.847907 0.193098
1.315621 0.191263
0.985563 0.219122
0.793116 0.195056
1.724890 0.154311
0.927695 0.312676
0.514097 0.146115
1.259951 0.054315
0.953121 0.215842
1.911468 0.265127
1.833137 0.166494
1.055479 0.304761
0.841087 0.165709
0.593998 0.338352
0.836968 0.248307
0.607441 0.143699
1.683506 0.177244
1.227736 0.276274
0.565706 0.378894
0.659655 0.280299
1.764664 0.141529
1.074931 0.290025
0.680280 0.178800
1.864275 0.231549
1.208804 0.193838
1.042996 0.286082
1.584412 0.158089
1.564361 0.333330
0.655398 0.296457
1.785171 0.227837
1.155084 0.091927
0.804413 0.383727
0.578855 0.267146
0.724768 0.153481
1.806145 0.326399
0.580610 0.139784
0.572283 0.197978
1.769285 0.252511
1.746352 0.136798
0.550502 0.353282
0.684603 0.270896
1.964286 0.167128
1.970168 0.131889
1.451715 0.290104
1.830933 0.245727
1.926282 0.115671
1.644096 0.151064
1.941366 0.091523
1.206740 0.308072
0.585627 0.196351
1.343939 0.072394
1.824592 0.066295
1.695503 0.344235
1.101639 0.295382
0.961567 0.053318
1.758039 0.296148
1.852282 0.289028
1.432833 0.250629
0.658428 0.326682
0.753186 0.265204
1.987606 0.131052
1.243129 0.277853
1.283697 0.330617
1.516482 0.153701
1.590173 0.152259
1.273921 0.074310
0.722347 0.201040
0.749630 0.225151
1.778641 0.389969
0.565052 0.121146
1.023106 0.175134
1.832959 0.351893
1.163194 0.146784
0.892993 0.354749
0.756750 0.107434
1.670961 0.237793
1.620167 0.215231
1.074548 0.381962
1.144855 0.231756
1.355943 0.073229
0.570747 0.369275
1.488345 0.160858
1.953670 0.369485
1.025854 0.239468
0.501107 0.087025
1.260036 0.106137
1.097415 0.340074
0.691634 0.204806
