1.760508 1.310189 0.975056 0.725647 0.540034 0.401899 0.299098 0.222592 0.165655 0.123282
0.742619 0.653587 0.575228 0.506265 0.445569 0.392150 0.345135 0.303757 0.267340 0.235289
1.524062 1.277142 1.070226 0.896834 0.751534 0.629774 0.527742 0.442240 0.370591 0.310550
1.694826 1.199593 0.849068 0.600968 0.425363 0.301071 0.213097 0.150829 0.106756 0.075562
0.735550 0.696619 0.659748 0.624828 0.591757 0.560436 0.530773 0.502680 0.476074 0.450876
1.992368 1.470983 1.086040 0.801833 0.592001 0.437079 0.322700 0.238252 0.175904 0.129871
1.375945 1.289939 1.209308 1.133717 1.062852 0.996416 0.934133 0.875742 0.821002 0.769683
1.584333 1.174238 0.870293 0.645023 0.478062 0.354319 0.262605 0.194631 0.144252 0.106913
0.862802 0.720330 0.601384 0.502079 0.419172 0.349955 0.292168 0.243923 0.203645 0.170017
1.514186 1.043487 0.719109 0.495567 0.341515 0.235352 0.162191 0.111772 0.077027 0.053082
1.810765 1.287423 0.915335 0.650787 0.462698 0.328971 0.233892 0.166293 0.118232 0.084061
0.956747 0.736726 0.567302 0.436841 0.336382 0.259025 0.199457 0.153589 0.118268 0.091070
1.515167 1.356940 1.215237 1.088331 0.974678 0.872894 0.781739 0.700103 0.626992 0.561516
0.998317 0.798196 0.638191 0.510261 0.407975 0.326193 0.260805 0.208525 0.166724 0.133303
1.497222 1.053762 0.741650 0.521981 0.367376 0.258564 0.181980 0.128080 0.090144 0.063444
1.260320 0.884764 0.621118 0.436035 0.306103 0.214889 0.150856 0.105903 0.074346 0.052192
1.184403 0.896416 0.678453 0.513488 0.388634 0.294138 0.222618 0.168489 0.127521 0.096514
0.979660 0.657118 0.440770 0.295651 0.198312 0.133020 0.089225 0.059848 0.040144 0.026927
1.244047 1.006204 0.813832 0.658239 0.532394 0.430608 0.348282 0.281695 0.227839 0.184280
0.690213 0.533403 0.412218 0.318566 0.246191 0.190258 0.147033 0.113629 0.087813 0.067863
1.294292 1.071545 0.887133 0.734458 0.608058 0.503412 0.416775 0.345048 0.285666 0.236503
1.384481 0.964947 0.672542 0.468744 0.326702 0.227703 0.158703 0.110612 0.077094 0.053732
1.704700 1.315586 1.015290 0.783541 0.604690 0.466663 0.360143 0.277937 0.214495 0.165534
1.387148 1.032482 0.768497 0.572008 0.425757 0.316900 0.235875 0.175566 0.130678 0.097266
0.683709 0.578471 0.489431 0.414097 0.350358 0.296430 0.250803 0.212199 0.179537 0.151902
1.701752 1.499718 1.321670 1.164760 1.026478 0.904614 0.797217 0.702570 0.619160 0.545653
1.593558 1.273766 1.018150 0.813830 0.650513 0.519970 0.415623 0.332217 0.265549 0.212259
0.665876 0.631029 0.598005 0.566709 0.537051 0.508945 0.482310 0.457069 0.433149 0.410481
1.763029 1.284622 0.936034 0.682036 0.496963 0.362109 0.263849 0.192252 0.140084 0.102071
0.828399 0.664912 0.533690 0.428365 0.343826 0.275971 0.221507 0.177792 0.142704 0.114541
1.435739 1.305402 1.186898 1.079151 0.981186 0.892114 0.811128 0.737494 0.670544 0.609672
1.157994 0.869145 0.652347 0.489626 0.367494 0.275827 0.207025 0.155385 0.116626 0.087535
0.645644 0.519808 0.418498 0.336933 0.271264 0.218395 0.175830 0.141561 0.113971 0.091758
0.712440 0.606682 0.516623 0.439933 0.374627 0.319016 0.271659 0.231333 0.196993 0.167750
0.718663 0.630436 0.553041 0.485147 0.425588 0.373341 0.327508 0.287301 0.252031 0.221090
1.839201 1.653356 1.486290 1.336106 1.201097 1.079730 0.970627 0.872549 0.784381 0.705122
0.908340 0.768828 0.650744 0.550796 0.466199 0.394595 0.333989 0.282692 0.239273 0.202523
1.163263 1.044441 0.937757 0.841970 0.755967 0.678749 0.609418 0.547169 0.491278 0.441097
0.904931 0.797041 0.702014 0.618317 0.544599 0.479669 0.422481 0.372111 0.327746 0.288671
1.865536 1.543534 1.277112 1.056676 0.874288 0.723382 0.598522 0.495214 0.409738 0.339015
1.809253 1.428873 1.128465 0.891215 0.703845 0.555868 0.439001 0.346705 0.273813 0.216247
1.058156 0.851630 0.685413 0.551637 0.443971 0.357318 0.287579 0.231450 0.186277 0.149920
1.022210 0.810957 0.643363 0.510404 0.404923 0.321241 0.254852 0.202184 0.160400 0.127252
1.240489 0.832870 0.559192 0.375444 0.252075 0.169244 0.113631 0.076292 0.051223 0.034391
1.806869 1.690953 1.582474 1.480955 1.385947 1.297035 1.213827 1.135957 1.063083 0.994883
1.498313 1.210173 0.977446 0.789474 0.637650 0.515024 0.415980 0.335983 0.271371 0.219183
1.643805 1.167520 0.829236 0.588968 0.418317 0.297112 0.211025 0.149881 0.106454 0.075609
1.472379 1.068926 0.776025 0.563383 0.409008 0.296934 0.215570 0.156501 0.113617 0.082485
1.212114 0.925760 0.707056 0.540019 0.412443 0.315006 0.240588 0.183751 0.140341 0.107186
1.156527 0.819805 0.581119 0.411927 0.291995 0.206981 0.146718 0.104001 0.073721 0.052258
1.803053 1.333092 0.985625 0.728724 0.538784 0.398351 0.294522 0.217756 0.160998 0.119034
0.599982 0.407140 0.276280 0.187481 0.127222 0.086331 0.058583 0.039754 0.026977 0.018306
0.872139 0.696836 0.556770 0.444857 0.355439 0.283995 0.226911 0.181301 0.144859 0.115742
1.419312 1.128536 0.897331 0.713494 0.567320 0.451092 0.358677 0.285194 0.226766 0.180308
0.798618 0.619657 0.480799 0.373058 0.289460 0.224596 0.174266 0.135215 0.104915 0.081405
1.946771 1.305575 0.875566 0.587186 0.393789 0.264089 0.177108 0.118775 0.079655 0.053419
1.672127 1.483231 1.315675 1.167047 1.035209 0.918264 0.814530 0.722515 0.640894 0.568494
1.198153 0.943567 0.743076 0.585186 0.460845 0.362924 0.285809 0.225080 0.177255 0.139591
1.734284 1.264677 0.922229 0.672509 0.490407 0.357615 0.260781 0.190167 0.138674 0.101124
1.064497 0.731839 0.503137 0.345905 0.237809 0.163493 0.112401 0.077275 0.053127 0.036524
1.349129 1.172743 1.019418 0.886139 0.770284 0.669577 0.582036 0.505940 0.439793 0.382295
1.931855 1.669121 1.442119 1.245989 1.076533 0.930124 0.803626 0.694332 0.599902 0.518315
0.730928 0.533355 0.389186 0.283988 0.207225 0.151211 0.110338 0.080513 0.058750 0.042870
1.098935 0.910891 0.755025 0.625830 0.518741 0.429977 0.356402 0.295417 0.244867 0.202967
1.887085 1.311458 0.911417 0.633403 0.440193 0.305919 0.212603 0.147751 0.102682 0.071360
0.511862 0.456639 0.407373 0.363423 0.324214 0.289235 0.258030 0.230192 0.205357 0.183202
1.078502 0.836023 0.648061 0.502358 0.389414 0.301862 0.233995 0.181386 0.140605 0.108993
1.076142 0.904932 0.760961 0.639895 0.538090 0.452482 0.380494 0.319958 0.269054 0.226249
1.759317 1.270795 0.917925 0.663038 0.478928 0.345941 0.249881 0.180495 0.130376 0.094173
1.701654 1.509463 1.338978 1.187749 1.053599 0.934602 0.829044 0.735409 0.652349 0.578670
0.780187 0.566718 0.411656 0.299022 0.217206 0.157775 0.114606 0.083248 0.060470 0.043925
1.206192 0.941834 0.735414 0.574235 0.448382 0.350111 0.273378 0.213462 0.166678 0.130148
1.512056 1.023148 0.692323 0.468467 0.316993 0.214496 0.145141 0.098211 0.066456 0.044968
0.512497 0.401999 0.315325 0.247339 0.194011 0.152181 0.119370 0.093633 0.073445 0.057610
1.862144 1.635185 1.435888 1.260881 1.107204 0.972257 0.853758 0.749701 0.658327 0.578090
1.471609 1.158591 0.912153 0.718133 0.565383 0.445123 0.350443 0.275902 0.217216 0.171013
1.152202 1.064534 0.983537 0.908702 0.839562 0.775682 0.716662 0.662134 0.611754 0.565207
1.131308 0.900032 0.716037 0.569656 0.453200 0.360551 0.286843 0.228203 0.181551 0.144436
1.304568 0.992546 0.755152 0.574537 0.437121 0.332572 0.253028 0.192510 0.146466 0.111435
1.216051 0.919327 0.695005 0.525419 0.397213 0.300291 0.227018 0.171624 0.129747 0.098088
0.529634 0.483037 0.440540 0.401782 0.366433 0.334195 0.304793 0.277977 0.253521 0.231216
1.416103 1.161566 0.952781 0.781524 0.641050 0.525825 0.431311 0.353785 0.290194 0.238033
1.849315 1.422196 1.093725 0.841118 0.646853 0.497455 0.382563 0.294206 0.226256 0.174000
1.054495 0.773484 0.567359 0.416164 0.305260 0.223912 0.164242 0.120473 0.088368 0.064819
1.357769 1.286846 1.219627 1.155920 1.095540 1.038315 0.984078 0.932675 0.883956 0.837783
0.655506 0.506082 0.390719 0.301654 0.232891 0.179803 0.138817 0.107173 0.082743 0.063881
1.584009 1.191481 0.896224 0.674134 0.507079 0.381421 0.286903 0.215806 0.162328 0.122102
1.225286 1.056348 0.910703 0.785139 0.676887 0.583560 0.503101 0.433736 0.373934 0.322377
1.985181 1.467365 1.084616 0.801704 0.592587 0.438016 0.323764 0.239313 0.176890 0.130750
1.936356 1.343522 0.932190 0.646792 0.448770 0.311375 0.216045 0.149901 0.104007 0.072164
0.809695 0.742700 0.681249 0.624882 0.573178 0.525753 0.482252 0.442350 0.405749 0.372177
1.018842 0.813763 0.649963 0.519134 0.414640 0.331178 0.264517 0.211273 0.168747 0.134780
0.877535 0.682799 0.531278 0.413381 0.321647 0.250269 0.194732 0.151518 0.117895 0.091732
1.164725 0.957433 0.787034 0.646961 0.531818 0.437168 0.359363 0.295405 0.242830 0.199613
1.607965 1.168197 0.848702 0.616588 0.447955 0.325442 0.236436 0.171772 0.124793 0.090663
0.862457 0.728956 0.616120 0.520750 0.440142 0.372012 0.314428 0.265757 0.224620 0.189851
1.853229 1.287592 0.894597 0.621550 0.431843 0.300037 0.208460 0.144835 0.100629 0.069915
1.441671 1.163844 0.939557 0.758493 0.612322 0.494320 0.399058 0.322155 0.260072 0.209953
1.285840 1.046960 0.852459 0.694091 0.565145 0.460154 0.374668 0.305063 0.248389 0.202244
1.504652 1.088112 0.786885 0.569048 0.411516 0.297594 0.215210 0.155632 0.112548 0.081391
1.209591 1.126771 1.049622 0.977756 0.910810 0.848448 0.790355 0.736241 0.685831 0.638873
0.593516 0.559753 0.527910 0.497880 0.469557 0.442846 0.417654 0.393895 0.371488 0.350355
0.820770 0.757995 0.700020 0.646480 0.597035 0.551371 0.509201 0.470255 0.434288 0.401072
1.814611 1.349549 1.003677 0.746447 0.555142 0.412866 0.307054 0.228360 0.169834 0.126308
1.289751 1.015892 0.800183 0.630276 0.496447 0.391034 0.308004 0.242604 0.191091 0.150516
0.530213 0.447981 0.378502 0.319799 0.270201 0.228295 0.192888 0.162972 0.137696 0.116341
0.705296 0.621164 0.547067 0.481810 0.424336 0.373719 0.329139 0.289877 0.255299 0.224845
0.640957 0.485488 0.367729 0.278533 0.210973 0.159800 0.121039 0.091680 0.069442 0.052599
1.897964 1.292722 0.880485 0.599707 0.408466 0.278210 0.189492 0.129065 0.087907 0.059874
1.355990 0.998612 0.735423 0.541599 0.398858 0.293737 0.216321 0.159309 0.117322 0.086401
0.684576 0.636694 0.592161 0.550743 0.512222 0.476395 0.443074 0.412084 0.383261 0.356455
0.527281 0.404012 0.309561 0.237191 0.181740 0.139252 0.106698 0.081754 0.062641 0.047997
0.541513 0.439722 0.357065 0.289945 0.235443 0.191185 0.155247 0.126064 0.102367 0.083125
0.912338 0.710032 0.552586 0.430053 0.334691 0.260475 0.202716 0.157765 0.122781 0.095555
1.044200 0.787593 0.594046 0.448062 0.337953 0.254903 0.192261 0.145014 0.109378 0.082499
1.547475 1.121216 0.812371 0.588600 0.426467 0.308995 0.223881 0.162212 0.117530 0.085156
1.302721 0.884176 0.600103 0.407299 0.276439 0.187624 0.127343 0.086429 0.058661 0.039814
1.428440 1.119835 0.877902 0.688237 0.539548 0.422983 0.331600 0.259960 0.203797 0.159768
0.742999 0.603830 0.490728 0.398811 0.324111 0.263403 0.214066 0.173970 0.141384 0.114902
0.663695 0.610182 0.560983 0.515752 0.474167 0.435935 0.400786 0.368471 0.338762 0.311448
1.655753 1.151035 0.800168 0.556255 0.386693 0.268819 0.186876 0.129911 0.090310 0.062781
1.050371 0.932880 0.828531 0.735855 0.653545 0.580442 0.515516 0.457852 0.406638 0.361153
1.622403 1.282141 1.013241 0.800736 0.632800 0.500084 0.395203 0.312318 0.246816 0.195052
1.865756 1.381152 1.022417 0.756858 0.560275 0.414751 0.307025 0.227280 0.168247 0.124547
0.589046 0.396649 0.267094 0.179854 0.121109 0.081552 0.054915 0.036979 0.024900 0.016767
1.687551 1.465327 1.272367 1.104816 0.959329 0.833001 0.723308 0.628060 0.545354 0.473539
1.382810 1.172627 0.994392 0.843247 0.715076 0.606387 0.514218 0.436059 0.369779 0.313574
1.133978 1.069701 1.009068 0.951872 0.897917 0.847021 0.799010 0.753720 0.710997 0.670696
0.966463 0.867247 0.778216 0.698326 0.626636 0.562307 0.504581 0.452781 0.406299 0.364589
0.589010 0.512510 0.445945 0.388026 0.337630 0.293778 0.255623 0.222423 0.193534 0.168398
1.368425 1.141338 0.951936 0.793965 0.662208 0.552317 0.460661 0.384216 0.320456 0.267277
1.429387 0.985921 0.680039 0.469057 0.323533 0.223157 0.153922 0.106168 0.073229 0.050510
1.216546 1.046293 0.899866 0.773931 0.665621 0.572469 0.492353 0.423449 0.364188 0.313220
1.870802 1.449031 1.122348 0.869316 0.673329 0.521528 0.403950 0.312880 0.242341 0.187705
1.733556 1.426657 1.174091 0.966237 0.795180 0.654406 0.538554 0.443212 0.364748 0.300175
1.745586 1.512869 1.311178 1.136375 0.984877 0.853576 0.739780 0.641154 0.555678 0.481596
1.697956 1.601623 1.510756 1.425045 1.344196 1.267934 1.195998 1.128144 1.064140 1.003766
0.806655 0.613104 0.465994 0.354182 0.269198 0.204606 0.155512 0.118198 0.089837 0.068281
1.680954 1.457905 1.264453 1.096671 0.951152 0.824942 0.715479 0.620541 0.538200 0.466785
1.291499 1.150951 1.025698 0.914076 0.814601 0.725952 0.646950 0.576545 0.513802 0.457888
1.421956 1.048054 0.772468 0.569348 0.419638 0.309295 0.227966 0.168022 0.123841 0.091277
1.504758 1.133677 0.854106 0.643478 0.484793 0.365240 0.275170 0.207312 0.156187 0.117671
1.844080 1.357374 0.999124 0.735427 0.541327 0.398455 0.293291 0.215883 0.158906 0.116966
1.554712 1.398431 1.257860 1.131419 1.017689 0.915390 0.823374 0.740608 0.666162 0.599199
1.942789 1.448194 1.079513 0.804690 0.599832 0.447127 0.333298 0.248447 0.185197 0.138050
1.645964 1.485970 1.341528 1.211126 1.093400 0.987117 0.891165 0.804540 0.726336 0.655733
1.411603 0.990903 0.695585 0.488280 0.342758 0.240606 0.168898 0.118561 0.083227 0.058423
1.034099 0.727155 0.511319 0.359547 0.252825 0.177781 0.125012 0.087905 0.061813 0.043465
0.715479 0.656425 0.602246 0.552538 0.506933 0.465092 0.426705 0.391486 0.359173 0.329528
1.273233 0.904912 0.643139 0.457092 0.324864 0.230888 0.164096 0.116627 0.082889 0.058911
0.721753 0.571113 0.451914 0.357594 0.282959 0.223901 0.177170 0.140192 0.110932 0.087779
0.715378 0.596742 0.497780 0.415230 0.346370 0.288929 0.241014 0.201045 0.167704 0.139893
0.728541 0.670030 0.616219 0.566729 0.521213 0.479354 0.440856 0.405449 0.372887 0.342939
1.107069 0.921878 0.767666 0.639250 0.532316 0.443270 0.369119 0.307373 0.255955 0.213139
1.057010 0.840671 0.668610 0.531765 0.422928 0.336367 0.267522 0.212768 0.169221 0.134586
1.871885 1.292299 0.892169 0.615929 0.425221 0.293561 0.202667 0.139916 0.096594 0.066686
1.208447 0.888809 0.653716 0.480805 0.353631 0.260094 0.191298 0.140699 0.103484 0.076112
1.323591 0.983183 0.730324 0.542495 0.402974 0.299335 0.222351 0.165165 0.122687 0.091134
1.937008 1.549490 1.239499 0.991525 0.793161 0.634481 0.507547 0.406007 0.324781 0.259806
1.264971 1.036944 0.850021 0.696794 0.571187 0.468223 0.383820 0.314631 0.257915 0.211422
0.616186 0.530869 0.457365 0.394039 0.339481 0.292476 0.251980 0.217091 0.187033 0.161137
1.080385 0.737681 0.503685 0.343913 0.234822 0.160335 0.109476 0.074750 0.051039 0.034849
0.990363 0.680788 0.467982 0.321697 0.221138 0.152013 0.104496 0.071832 0.049378 0.033943
1.209199 1.021468 0.862882 0.728917 0.615751 0.520154 0.439399 0.371181 0.313554 0.264874
1.083524 0.921787 0.784192 0.667136 0.567553 0.482835 0.410762 0.349448 0.297286 0.252910
0.859176 0.647989 0.488712 0.368586 0.277987 0.209657 0.158123 0.119256 0.089943 0.067835
1.208857 0.967964 0.775074 0.620622 0.496949 0.397920 0.318625 0.255131 0.204290 0.163581
1.696510 1.564369 1.442521 1.330163 1.226557 1.131021 1.042926 0.961693 0.886787 0.817715
0.758140 0.635599 0.532864 0.446735 0.374528 0.313991 0.263240 0.220691 0.185020 0.155114
1.518658 1.342606 1.186963 1.049364 0.927715 0.820169 0.725090 0.641034 0.566721 0.501024
1.699986 1.316176 1.019019 0.788953 0.610829 0.472921 0.366148 0.283482 0.219479 0.169927
1.427139 1.078044 0.814341 0.615144 0.464672 0.351008 0.265147 0.200289 0.151296 0.114287
0.992498 0.842948 0.715932 0.608055 0.516433 0.438616 0.372525 0.316393 0.268719 0.228228
1.151008 1.016722 0.898104 0.793324 0.700769 0.619012 0.546793 0.483000 0.426649 0.376873
1.487628 1.086777 0.793939 0.580007 0.423720 0.309546 0.226137 0.165203 0.120688 0.088168
0.514861 0.447842 0.389547 0.338840 0.294734 0.256369 0.222997 0.193970 0.168721 0.146759
1.375095 1.165644 0.988097 0.837593 0.710013 0.601866 0.510192 0.432481 0.366607 0.310766
0.792333 0.740418 0.691905 0.646570 0.604206 0.564618 0.527623 0.493053 0.460747 0.430558
1.678802 1.236079 0.910109 0.670101 0.493386 0.363274 0.267473 0.196937 0.145002 0.106763
0.599376 0.427012 0.304215 0.216731 0.154406 0.110003 0.078369 0.055832 0.039777 0.028338
1.163688 1.000840 0.860780 0.740321 0.636719 0.547616 0.470982 0.405072 0.348385 0.299632
1.489147 1.279366 1.099138 0.944299 0.811272 0.696986 0.598799 0.514444 0.441973 0.379711
1.215407 1.008127 0.836198 0.693590 0.575302 0.477188 0.395807 0.328305 0.272314 0.225873
1.444374 1.311017 1.189973 1.080105 0.980381 0.889864 0.807705 0.733131 0.665442 0.604003
0.725115 0.486937 0.326993 0.219585 0.147458 0.099023 0.066497 0.044655 0.029987 0.020137
1.155834 1.045799 0.946239 0.856157 0.774651 0.700904 0.634178 0.573804 0.519178 0.469752
1.844100 1.439831 1.124187 0.877739 0.685318 0.535081 0.417779 0.326192 0.254683 0.198851
0.822134 0.580487 0.409867 0.289396 0.204335 0.144276 0.101869 0.071927 0.050786 0.035859
0.871205 0.714661 0.586247 0.480906 0.394494 0.323609 0.265461 0.217761 0.178633 0.146535
0.884139 0.648980 0.476367 0.349665 0.256663 0.188397 0.138288 0.101507 0.074508 0.054691
1.707051 1.149384 0.773898 0.521077 0.350849 0.236232 0.159059 0.107097 0.072110 0.048553
1.121492 1.064817 1.011005 0.959913 0.911403 0.865344 0.821613 0.780092 0.740669 0.703239
1.200200 1.028992 0.882206 0.756359 0.648464 0.555961 0.476653 0.408658 0.350363 0.300384
0.730538 0.675032 0.623744 0.576353 0.532562 0.492098 0.454709 0.420161 0.388238 0.358740
0.888810 0.814955 0.747237 0.685146 0.628215 0.576014 0.528151 0.484265 0.444025 0.407130
1.773145 1.638239 1.513597 1.398438 1.292041 1.193738 1.102915 1.019002 0.941473 0.869843
1.359828 1.211681 1.079673 0.962048 0.857237 0.763845 0.680628 0.606476 0.540403 0.481529
1.935907 1.343675 0.932619 0.647312 0.449287 0.311841 0.216443 0.150229 0.104271 0.072372
0.974869 0.779904 0.623931 0.499150 0.399325 0.319463 0.255574 0.204461 0.163571 0.130858
0.776601 0.630965 0.512641 0.416506 0.338399 0.274939 0.223380 0.181490 0.147455 0.119803
1.620863 1.527556 1.439621 1.356748 1.278646 1.205039 1.135670 1.070294 1.008682 0.950616
1.746349 1.546460 1.369451 1.212702 1.073895 0.950976 0.842127 0.745736 0.660379 0.584791
1.839368 1.662586 1.502794 1.358360 1.227808 1.109803 1.003139 0.906727 0.819582 0.740811
1.021800 0.699398 0.478721 0.327674 0.224285 0.153518 0.105079 0.071924 0.049230 0.033697
0.810321 0.581045 0.416641 0.298754 0.214223 0.153610 0.110146 0.078981 0.056634 0.040609
0.518443 0.413966 0.330544 0.263932 0.210745 0.168275 0.134364 0.107287 0.085667 0.068403
1.945695 1.517385 1.183361 0.922865 0.719713 0.561281 0.437726 0.341368 0.266222 0.207618
0.689742 0.607773 0.535546 0.471901 0.415821 0.366405 0.322861 0.284492 0.250683 0.220892
0.583339 0.459497 0.361947 0.285106 0.224578 0.176901 0.139345 0.109762 0.086460 0.068105
0.697683 0.620843 0.552466 0.491620 0.437475 0.389294 0.346419 0.308266 0.274315 0.244103
0.725257 0.661284 0.602954 0.549769 0.501276 0.457059 0.416743 0.379984 0.346466 0.315905
1.103037 0.782565 0.555202 0.393897 0.279456 0.198264 0.140661 0.099794 0.070800 0.050230
0.505241 0.365501 0.264410 0.191279 0.138375 0.100103 0.072417 0.052388 0.037898 0.027416
1.354063 1.229983 1.117274 1.014893 0.921893 0.837416 0.760680 0.690975 0.627657 0.570142
0.607272 0.454385 0.339989 0.254393 0.190347 0.142425 0.106568 0.079739 0.059664 0.044643
1.424773 1.182631 0.981642 0.814810 0.676332 0.561389 0.465980 0.386786 0.321052 0.266488
1.958657 1.808582 1.670007 1.542049 1.423895 1.314795 1.214054 1.121032 1.035137 0.955823
1.931674 1.467388 1.114695 0.846774 0.643248 0.488641 0.371194 0.281976 0.214202 0.162718
1.884136 1.492649 1.182504 0.936803 0.742153 0.587947 0.465783 0.369002 0.292331 0.231590
1.843277 1.748170 1.657971 1.572426 1.491294 1.414349 1.341373 1.272163 1.206524 1.144272
1.015706 0.726286 0.519335 0.371353 0.265538 0.189874 0.135771 0.097084 0.069420 0.049639
0.965313 0.677558 0.475582 0.333814 0.234306 0.164460 0.115436 0.081025 0.056872 0.039919
1.867301 1.674083 1.500859 1.345558 1.206328 1.081504 0.969596 0.869267 0.779320 0.698681
1.836438 1.306408 0.929355 0.661126 0.470312 0.334572 0.238008 0.169315 0.120447 0.085684
0.820624 0.730284 0.649890 0.578346 0.514677 0.458018 0.407597 0.362726 0.322794 0.287259
1.576743 1.423135 1.284491 1.159354 1.046408 0.944466 0.852455 0.769407 0.694451 0.626796
1.283601 1.004407 0.785940 0.614991 0.481225 0.376555 0.294651 0.230562 0.180412 0.141171
0.824831 0.563845 0.385438 0.263481 0.180112 0.123123 0.084165 0.057534 0.039330 0.026885
0.768824 0.647445 0.545228 0.459150 0.386661 0.325616 0.274209 0.230918 0.194461 0.163760
1.422590 1.285503 1.161626 1.049687 0.948534 0.857129 0.774533 0.699895 0.632450 0.571505
1.318002 1.011373 0.776080 0.595527 0.456980 0.350665 0.269084 0.206482 0.158445 0.121583
1.185172 0.985279 0.819100 0.680949 0.566098 0.470619 0.391243 0.325255 0.270397 0.224791
0.746788 0.534340 0.382330 0.273563 0.195739 0.140055 0.100212 0.071703 0.051305 0.036710
1.862351 1.647066 1.456668 1.288279 1.139356 1.007649 0.891166 0.788149 0.697040 0.616463
1.166132 1.020731 0.893459 0.782057 0.684545 0.599191 0.524480 0.459084 0.401843 0.351738
0.780891 0.528421 0.357577 0.241969 0.163738 0.110800 0.074977 0.050736 0.034333 0.023233
0.811812 0.671565 0.555547 0.459572 0.380177 0.314499 0.260166 0.215221 0.178040 0.147282
0.588362 0.419827 0.299569 0.213758 0.152527 0.108836 0.077660 0.055415 0.039541 0.028215
0.592437 0.468632 0.370700 0.293232 0.231954 0.183481 0.145138 0.114808 0.090816 0.071838
1.975461 1.707077 1.475154 1.274741 1.101556 0.951899 0.822575 0.710820 0.614249 0.530797
1.721549 1.379057 1.104702 0.884928 0.708876 0.567850 0.454879 0.364384 0.291892 0.233821
1.124571 0.862985 0.662246 0.508201 0.389989 0.299273 0.229659 0.176238 0.135244 0.103785
1.215573 1.125923 1.042885 0.965972 0.894730 0.828743 0.767623 0.711010 0.658572 0.610002
0.635459 0.474347 0.354082 0.264310 0.197297 0.147275 0.109936 0.082063 0.061257 0.045726
0.920708 0.633458 0.435827 0.299854 0.206304 0.141939 0.097656 0.067189 0.046227 0.031804
1.064338 0.719343 0.486175 0.328586 0.222078 0.150093 0.101442 0.068561 0.046337 0.031318
1.366304 1.244384 1.133344 1.032212 0.940104 0.856215 0.779812 0.710227 0.646851 0.589131
1.811575 1.491517 1.228005 1.011049 0.832423 0.685356 0.564271 0.464580 0.382501 0.314923
0.667259 0.532890 0.425580 0.339879 0.271436 0.216775 0.173122 0.138260 0.110418 0.088182
0.972527 0.693646 0.494737 0.352866 0.251679 0.179508 0.128032 0.091318 0.065132 0.046455
1.633007 1.293688 1.024875 0.811919 0.643212 0.509560 0.403680 0.319800 0.253349 0.200706
0.545351 0.376571 0.260026 0.179551 0.123982 0.085611 0.059115 0.040820 0.028186 0.019463
1.457803 1.232699 1.042355 0.881402 0.745302 0.630218 0.532904 0.450617 0.381036 0.322199
1.360910 1.246049 1.140882 1.044591 0.956428 0.875705 0.801795 0.734124 0.672163 0.615433
1.772824 1.196203 0.807131 0.544608 0.367471 0.247949 0.167302 0.112886 0.076169 0.051395
0.553876 0.396916 0.284436 0.203831 0.146068 0.104675 0.075011 0.053754 0.038521 0.027605
1.454644 1.094762 0.823915 0.620077 0.466668 0.351214 0.264323 0.198929 0.149713 0.112674
1.468650 1.078834 0.792485 0.582140 0.427626 0.314124 0.230747 0.169501 0.124512 0.091463
1.827658 1.660888 1.509336 1.371613 1.246456 1.132720 1.029362 0.935435 0.850079 0.772511
0.724438 0.646453 0.576863 0.514764 0.459351 0.409902 0.365777 0.326401 0.291264 0.259910
1.387860 1.097881 0.868491 0.687029 0.543482 0.429927 0.340098 0.269038 0.212826 0.168358
0.929674 0.857422 0.790785 0.729327 0.672646 0.620369 0.572156 0.527689 0.486678 0.448855
1.749175 1.468278 1.232490 1.034566 0.868427 0.728968 0.611904 0.513640 0.431155 0.361917
1.053350 0.813409 0.628124 0.485044 0.374557 0.289237 0.223352 0.172475 0.133187 0.102849
1.699562 1.311091 1.011414 0.780234 0.601895 0.464319 0.358189 0.276317 0.213159 0.164437
1.881752 1.474500 1.155386 0.905335 0.709401 0.555871 0.435568 0.341302 0.267437 0.209558
1.162484 0.832275 0.595863 0.426605 0.305426 0.218668 0.156554 0.112084 0.080246 0.057452
1.970283 1.825665 1.691663 1.567496 1.452443 1.345835 1.247052 1.155519 1.070705 0.992116
0.623827 0.537608 0.463306 0.399273 0.344090 0.296534 0.255550 0.220231 0.189793 0.163562
1.511018 1.143823 0.865861 0.655446 0.496165 0.375591 0.284318 0.215226 0.162923 0.123331
1.883177 1.711827 1.556068 1.414481 1.285778 1.168785 1.062437 0.965766 0.877891 0.798012
0.569516 0.467507 0.383769 0.315030 0.258603 0.212283 0.174260 0.143047 0.117425 0.096393
1.071209 0.806718 0.607533 0.457527 0.344560 0.259485 0.195416 0.147166 0.110830 0.083465
0.716153 0.593862 0.492455 0.408363 0.338631 0.280806 0.232856 0.193094 0.160121 0.132779
0.661508 0.575068 0.499922 0.434597 0.377807 0.328438 0.285520 0.248211 0.215777 0.187581
1.885432 1.268883 0.853950 0.574703 0.386771 0.260294 0.175176 0.117893 0.079341 0.053396
1.474172 1.395443 1.320919 1.250375 1.183598 1.120388 1.060553 1.003914 0.950299 0.899548
0.743962 0.517065 0.359368 0.249766 0.173591 0.120648 0.083852 0.058279 0.040505 0.028151
0.724210 0.550566 0.418557 0.318199 0.241905 0.183903 0.139809 0.106287 0.080802 0.061428
0.779896 0.564553 0.408670 0.295830 0.214146 0.155017 0.112214 0.081230 0.058801 0.042565
1.432989 1.068302 0.796425 0.593739 0.442636 0.329987 0.246007 0.183400 0.136726 0.101930
1.455121 1.098205 0.828835 0.625536 0.472103 0.356304 0.268909 0.202950 0.153170 0.115600
1.025411 0.954651 0.888773 0.827442 0.770342 0.717183 0.667693 0.621617 0.578721 0.538786
0.986231 0.822935 0.686676 0.572979 0.478107 0.398944 0.332888 0.277770 0.231778 0.193401
0.697125 0.606535 0.527717 0.459141 0.399477 0.347566 0.302400 0.263104 0.228914 0.199167
1.842355 1.537142 1.282492 1.070029 0.892763 0.744864 0.621466 0.518511 0.432612 0.360944
1.285605 0.906122 0.638654 0.450137 0.317266 0.223616 0.157609 0.111086 0.078296 0.055185
1.443487 0.982974 0.669377 0.455827 0.310405 0.211377 0.143942 0.098020 0.066749 0.045454
1.927601 1.576227 1.288904 1.053956 0.861836 0.704736 0.576273 0.471227 0.385329 0.315089
0.671821 0.482046 0.345879 0.248175 0.178071 0.127770 0.091678 0.065781 0.047199 0.033866
1.621162 1.114552 0.766256 0.526802 0.362177 0.248998 0.171186 0.117691 0.080913 0.055628
1.505662 1.428514 1.355319 1.285874 1.219988 1.157478 1.098170 1.041902 0.988516 0.937866
0.633051 0.519544 0.426389 0.349937 0.287193 0.235699 0.193438 0.158755 0.130290 0.106929
1.793898 1.372480 1.050060 0.803383 0.614654 0.470261 0.359788 0.275268 0.210603 0.161128
0.666342 0.512974 0.394907 0.304014 0.234041 0.180173 0.138704 0.106779 0.082203 0.063283
1.708229 1.347966 1.063682 0.839353 0.662335 0.522650 0.412424 0.325444 0.256809 0.202648
0.549255 0.457255 0.380665 0.316904 0.263823 0.219633 0.182845 0.152218 0.126722 0.105496
1.030685 0.744883 0.538332 0.389056 0.281173 0.203206 0.146858 0.106135 0.076705 0.055435
1.808612 1.240883 0.851366 0.584119 0.400762 0.274962 0.188650 0.129432 0.088803 0.060928
1.127749 0.784409 0.545598 0.379492 0.263957 0.183596 0.127701 0.088823 0.061781 0.042972
1.296644 0.961117 0.712412 0.528064 0.391419 0.290133 0.215056 0.159407 0.118158 0.087583
1.234724 1.136072 1.045303 0.961785 0.884941 0.814236 0.749180 0.689322 0.634247 0.583572
0.958247 0.900994 0.847161 0.796545 0.748953 0.704205 0.662130 0.622569 0.585372 0.550397
0.778777 0.526328 0.355713 0.240405 0.162475 0.109807 0.074212 0.050155 0.033897 0.022909
1.232646 0.847373 0.582521 0.400450 0.275286 0.189244 0.130094 0.089432 0.061480 0.042264
1.642005 1.426025 1.238454 1.075554 0.934082 0.811218 0.704515 0.611847 0.531368 0.461475
0.847296 0.778780 0.715804 0.657920 0.604717 0.555817 0.510871 0.469559 0.431588 0.396688
1.894704 1.408358 1.046850 0.778137 0.578399 0.429931 0.319573 0.237543 0.176569 0.131246
1.024067 0.877966 0.752708 0.645321 0.553255 0.474323 0.406652 0.348636 0.298897 0.256254
1.213125 1.000580 0.825273 0.680681 0.561422 0.463058 0.381928 0.315012 0.259820 0.214299
1.007675 0.791135 0.621127 0.487653 0.382861 0.300588 0.235994 0.185281 0.145466 0.114207
0.512640 0.470479 0.431785 0.396273 0.363682 0.333771 0.306320 0.281127 0.258006 0.236787
0.848107 0.767534 0.694615 0.628625 0.568903 0.514855 0.465942 0.421676 0.381616 0.345361
0.864564 0.612876 0.434458 0.307981 0.218323 0.154766 0.109711 0.077772 0.055132 0.039082
1.551281 1.207336 0.939650 0.731314 0.569170 0.442975 0.344760 0.268321 0.208830 0.162529
1.300998 0.875676 0.589400 0.396714 0.267020 0.179726 0.120970 0.081423 0.054804 0.036887
0.599987 0.506476 0.427539 0.360905 0.304656 0.257173 0.217091 0.183257 0.154695 0.130585
1.727549 1.411428 1.153153 0.942140 0.769739 0.628886 0.513807 0.419786 0.342970 0.280211
0.702601 0.571152 0.464297 0.377432 0.306819 0.249417 0.202754 0.164821 0.133985 0.108918
0.894971 0.788530 0.694749 0.612121 0.539320 0.475178 0.418664 0.368871 0.325001 0.286348
1.833834 1.510708 1.244518 1.025231 0.844583 0.695765 0.573170 0.472176 0.388977 0.320439
0.946746 0.673676 0.479367 0.341103 0.242719 0.172712 0.122896 0.087449 0.062226 0.044278
0.905155 0.624774 0.431244 0.297662 0.205458 0.141816 0.097887 0.067565 0.046636 0.032190
1.908310 1.681188 1.481098 1.304822 1.149525 1.012712 0.892182 0.785997 0.692449 0.610036
1.092329 0.936152 0.802304 0.687594 0.589284 0.505030 0.432823 0.370940 0.317904 0.272451
1.566481 1.259215 1.012219 0.813671 0.654069 0.525773 0.422642 0.339741 0.273100 0.219531
0.856899 0.811517 0.768538 0.727836 0.689289 0.652783 0.618211 0.585470 0.554463 0.525098
1.220879 1.116121 1.020351 0.932798 0.852759 0.779587 0.712694 0.651540 0.595634 0.544525
1.342019 0.991166 0.732040 0.540658 0.399310 0.294916 0.217814 0.160870 0.118813 0.087751
0.790079 0.647609 0.530830 0.435108 0.356648 0.292336 0.239621 0.196412 0.160994 0.131963
0.899029 0.623812 0.432847 0.300341 0.208398 0.144602 0.100336 0.069620 0.048308 0.033519
1.650388 1.430384 1.239708 1.074449 0.931221 0.807085 0.699497 0.606251 0.525435 0.455393
1.727779 1.607720 1.496004 1.392050 1.295321 1.205312 1.121558 1.043624 0.971105 0.903626
0.625689 0.569207 0.517823 0.471078 0.428553 0.389867 0.354672 0.322655 0.293529 0.267031
1.035273 0.780006 0.587680 0.442776 0.333601 0.251345 0.189371 0.142678 0.107498 0.080992
1.908460 1.487775 1.159823 0.904162 0.704856 0.549484 0.428360 0.333936 0.260326 0.202942
0.983711 0.825435 0.692626 0.581185 0.487674 0.409209 0.343369 0.288122 0.241764 0.202865
1.490520 1.166246 0.912521 0.713995 0.558660 0.437120 0.342021 0.267612 0.209391 0.163836
0.969433 0.915377 0.864336 0.816141 0.770633 0.727662 0.687088 0.648776 0.612600 0.578442
0.623656 0.486855 0.380061 0.296693 0.231612 0.180807 0.141146 0.110185 0.086016 0.067148
1.680838 1.399525 1.165294 0.970264 0.807876 0.672666 0.560085 0.466347 0.388297 0.323309
0.615808 0.449921 0.328721 0.240170 0.175473 0.128204 0.093669 0.068436 0.050001 0.036532
0.849457 0.766630 0.691880 0.624418 0.563534 0.508586 0.458996 0.414242 0.373851 0.337398
1.271274 1.098815 0.949753 0.820911 0.709548 0.613292 0.530095 0.458183 0.396027 0.342303
1.453962 1.358217 1.268776 1.185225 1.107176 1.034267 0.966159 0.902536 0.843103 0.787583
1.314826 0.938609 0.670040 0.478319 0.341455 0.243753 0.174007 0.124218 0.088675 0.063302
1.896240 1.408899 1.046807 0.777773 0.577882 0.429364 0.319016 0.237028 0.176111 0.130850
1.843192 1.671884 1.516498 1.375554 1.247709 1.131746 1.026561 0.931152 0.844610 0.766111
1.352187 0.909802 0.612149 0.411877 0.277126 0.186461 0.125458 0.084413 0.056796 0.038215
1.956896 1.416367 1.025141 0.741979 0.537032 0.388694 0.281330 0.203622 0.147378 0.106670
0.763887 0.627163 0.514910 0.422749 0.347084 0.284961 0.233957 0.192083 0.157703 0.129476
1.576390 1.352277 1.160027 0.995108 0.853635 0.732276 0.628169 0.538864 0.462255 0.396537
1.579999 1.208738 0.924714 0.707429 0.541200 0.414032 0.316744 0.242317 0.185379 0.141819
0.860892 0.617972 0.443597 0.318426 0.228575 0.164078 0.117780 0.084545 0.060689 0.043564
1.674005 1.243357 0.923495 0.685920 0.509463 0.378400 0.281054 0.208751 0.155049 0.115161
0.663554 0.473908 0.338463 0.241729 0.172642 0.123301 0.088061 0.062893 0.044918 0.032080
1.424889 1.177987 0.973868 0.805118 0.665608 0.550273 0.454923 0.376094 0.310926 0.257049
1.985643 1.714753 1.480820 1.278801 1.104342 0.953683 0.823578 0.711222 0.614194 0.530403
0.997211 0.908377 0.827456 0.753744 0.686598 0.625434 0.569718 0.518966 0.472735 0.430623
1.817059 1.423251 1.114792 0.873184 0.683940 0.535711 0.419607 0.328666 0.257435 0.201641
1.456640 1.075416 0.793964 0.586172 0.432763 0.319502 0.235884 0.174150 0.128572 0.094923
1.654093 1.348375 1.099162 0.896009 0.730404 0.595407 0.485361 0.395654 0.322527 0.262916
0.607364 0.417089 0.286424 0.196693 0.135073 0.092758 0.063698 0.043743 0.030039 0.020629
0.871432 0.705082 0.570486 0.461584 0.373471 0.302178 0.244494 0.197822 0.160059 0.129505
0.747030 0.515138 0.355230 0.244960 0.168920 0.116484 0.080325 0.055391 0.038197 0.026340
0.626528 0.465131 0.345310 0.256356 0.190317 0.141290 0.104893 0.077872 0.057812 0.042919
1.166576 0.955072 0.781914 0.640151 0.524089 0.429070 0.351278 0.287590 0.235449 0.192761
1.806144 1.553566 1.336310 1.149435 0.988694 0.850432 0.731504 0.629208 0.541217 0.465531
1.293775 0.878165 0.596065 0.404586 0.274618 0.186400 0.126521 0.085878 0.058291 0.039565
1.978811 1.782939 1.606455 1.447440 1.304166 1.175073 1.058759 0.953958 0.859531 0.774450
0.736948 0.543856 0.401357 0.296195 0.218587 0.161314 0.119047 0.087855 0.064836 0.047848
0.942416 0.715256 0.542850 0.412002 0.312693 0.237321 0.180117 0.136702 0.103751 0.078743
0.800045 0.717687 0.643808 0.577533 0.518081 0.464749 0.416907 0.373990 0.335491 0.300955
0.676279 0.588804 0.512644 0.446334 0.388602 0.338337 0.294574 0.256472 0.223298 0.194415
0.822507 0.706599 0.607025 0.521483 0.447995 0.384864 0.330629 0.284036 0.244010 0.209624
1.835680 1.727355 1.625422 1.529504 1.439247 1.354316 1.274397 1.199193 1.128428 1.061839
0.800209 0.689515 0.594133 0.511946 0.441128 0.380106 0.327525 0.282218 0.243179 0.209539
0.979032 0.814690 0.677935 0.564136 0.469439 0.390639 0.325065 0.270499 0.225093 0.187309
0.957228 0.799532 0.667816 0.557798 0.465905 0.389151 0.325041 0.271493 0.226767 0.189409
0.755761 0.668973 0.592152 0.524152 0.463961 0.410682 0.363521 0.321776 0.284825 0.252117
1.467817 1.140862 0.886735 0.689215 0.535693 0.416368 0.323622 0.251535 0.195506 0.151957
1.265130 1.123460 0.997655 0.885937 0.786730 0.698631 0.620399 0.550926 0.489233 0.434449
1.229429 1.074819 0.939653 0.821484 0.718177 0.627861 0.548903 0.479874 0.419526 0.366768
1.846364 1.332279 0.961332 0.693667 0.500529 0.361166 0.260606 0.188045 0.135688 0.097908
1.123591 0.783008 0.545662 0.380261 0.264996 0.184671 0.128693 0.089684 0.062499 0.043554
1.332371 0.967937 0.703184 0.510847 0.371119 0.269609 0.195865 0.142291 0.103372 0.075097
0.999310 0.822653 0.677225 0.557506 0.458951 0.377818 0.311028 0.256045 0.210782 0.173520
1.267597 0.884058 0.616568 0.430012 0.299903 0.209161 0.145875 0.101737 0.070955 0.049486
1.037872 0.862512 0.716781 0.595674 0.495028 0.411388 0.341879 0.284115 0.236111 0.196218
0.708968 0.584030 0.481110 0.396327 0.326484 0.268950 0.221554 0.182511 0.150348 0.123853
1.974095 1.749823 1.551029 1.374820 1.218630 1.080184 0.957467 0.848691 0.752273 0.666809
0.890343 0.710851 0.567545 0.453128 0.361778 0.288844 0.230614 0.184122 0.147003 0.117368
1.223473 0.867030 0.614433 0.435426 0.308571 0.218673 0.154965 0.109818 0.077824 0.055151
0.603945 0.490408 0.398215 0.323354 0.262566 0.213206 0.173125 0.140579 0.114151 0.092692
1.693233 1.368586 1.106185 0.894094 0.722668 0.584109 0.472117 0.381597 0.308433 0.249296
1.849997 1.467881 1.164690 0.924124 0.733246 0.581794 0.461625 0.366276 0.290622 0.230594
1.649570 1.484341 1.335663 1.201877 1.081492 0.973165 0.875688 0.787975 0.709048 0.638027
1.815319 1.553079 1.328722 1.136775 0.972557 0.832062 0.711863 0.609027 0.521047 0.445777
1.489339 1.146954 0.883281 0.680223 0.523846 0.403419 0.310677 0.239255 0.184253 0.141895
1.075567 0.760884 0.538269 0.380786 0.269378 0.190565 0.134811 0.095369 0.067466 0.047727
1.839055 1.285527 0.898603 0.628137 0.439077 0.306922 0.214543 0.149969 0.104830 0.073278
1.501735 1.183378 0.932511 0.734825 0.579048 0.456294 0.359563 0.283338 0.223273 0.175941
1.937301 1.518521 1.190268 0.932971 0.731294 0.573213 0.449303 0.352179 0.276049 0.216377
1.474060 0.988607 0.663029 0.444673 0.298229 0.200013 0.134143 0.089966 0.060337 0.040466
1.172175 1.076654 0.988917 0.908329 0.834309 0.766321 0.703873 0.646514 0.593829 0.545437
1.963399 1.396029 0.992614 0.705775 0.501825 0.356811 0.253702 0.180389 0.128261 0.091197
0.997660 0.844719 0.715224 0.605580 0.512745 0.434142 0.367588 0.311237 0.263524 0.223126
1.826492 1.359900 1.012503 0.753851 0.561274 0.417892 0.311138 0.231656 0.172477 0.128417
1.535718 1.054689 0.724332 0.497452 0.341636 0.234626 0.161135 0.110663 0.076000 0.052195
0.969624 0.852566 0.749640 0.659139 0.579564 0.509596 0.448075 0.393981 0.346418 0.304596
0.626316 0.520185 0.432038 0.358828 0.298023 0.247522 0.205579 0.170743 0.141810 0.117780
0.703634 0.604971 0.520143 0.447209 0.384502 0.330588 0.284233 0.244378 0.210112 0.180650
1.541823 1.229372 0.980239 0.781593 0.623203 0.496911 0.396211 0.315919 0.251898 0.200851
0.641771 0.520305 0.421829 0.341990 0.277263 0.224786 0.182242 0.147749 0.119785 0.097114
0.744963 0.574776 0.443468 0.342158 0.263992 0.203683 0.157151 0.121250 0.093550 0.072179
1.389361 0.966618 0.672504 0.467880 0.325518 0.226472 0.157563 0.109621 0.076266 0.053061
0.819536 0.686648 0.575308 0.482022 0.403862 0.338376 0.283508 0.237537 0.199020 0.166749
0.650753 0.454332 0.317198 0.221456 0.154612 0.107945 0.075363 0.052616 0.036734 0.025647
1.954784 1.798882 1.655413 1.523387 1.401890 1.290083 1.187194 1.092510 1.005378 0.925194
1.772664 1.506418 1.280161 1.087886 0.924491 0.785636 0.667637 0.567361 0.482146 0.409730
1.242064 1.174798 1.111174 1.050995 0.994076 0.940240 0.889319 0.841156 0.795601 0.752514
1.584884 1.082535 0.739412 0.505046 0.344965 0.235624 0.160940 0.109928 0.075085 0.051286
0.649795 0.450227 0.311952 0.216144 0.149761 0.103766 0.071897 0.049816 0.034516 0.023915
1.363909 1.285390 1.211391 1.141651 1.075927 1.013987 0.955612 0.900598 0.848751 0.799889
1.946181 1.312677 0.885386 0.597183 0.402793 0.271679 0.183244 0.123596 0.083364 0.056228
1.343885 0.990261 0.729688 0.537681 0.396198 0.291944 0.215123 0.158516 0.116805 0.086070
1.532296 1.296914 1.097691 0.929070 0.786352 0.665558 0.563319 0.476785 0.403545 0.341555
1.529114 1.401334 1.284232 1.176916 1.078567 0.988437 0.905839 0.830143 0.760772 0.697199
1.940153 1.343047 0.929707 0.643578 0.445509 0.308398 0.213485 0.147782 0.102300 0.070816
1.664374 1.123825 0.758834 0.512383 0.345973 0.233609 0.157739 0.106509 0.071917 0.048560
1.819338 1.260020 0.872653 0.604374 0.418571 0.289890 0.200769 0.139047 0.096300 0.066694
1.973202 1.800400 1.642730 1.498869 1.367606 1.247838 1.138559 1.038850 0.947873 0.864863
1.663455 1.311413 1.033876 0.815074 0.642578 0.506587 0.399377 0.314856 0.248222 0.195690
1.383631 1.055986 0.805928 0.615084 0.469432 0.358270 0.273431 0.208683 0.159266 0.121552
1.953664 1.433565 1.051926 0.771885 0.566396 0.415612 0.304969 0.223781 0.164207 0.120492
1.624786 1.232270 0.934578 0.708802 0.537569 0.407703 0.309210 0.234511 0.177858 0.134891
1.751114 1.268739 0.919243 0.666021 0.482554 0.349626 0.253316 0.183535 0.132977 0.096346
1.330492 1.013239 0.771634 0.587640 0.447518 0.340809 0.259543 0.197656 0.150525 0.114633
1.188190 0.838728 0.592048 0.417919 0.295004 0.208240 0.146994 0.103761 0.073244 0.051702
0.506880 0.443705 0.388405 0.339996 0.297621 0.260528 0.228057 0.199633 0.174752 0.152972
1.964431 1.739846 1.540936 1.364767 1.208739 1.070549 0.948158 0.839759 0.743752 0.658722
0.869015 0.668101 0.513638 0.394886 0.303590 0.233401 0.179439 0.137953 0.106059 0.081538
1.394939 1.242740 1.107146 0.986347 0.878728 0.782852 0.697436 0.621340 0.553546 0.493150
1.533422 1.433932 1.340897 1.253898 1.172544 1.096468 1.025328 0.958804 0.896596 0.838424
0.598103 0.487123 0.396736 0.323121 0.263165 0.214334 0.174564 0.142173 0.115792 0.094307
1.101947 0.849708 0.655208 0.505229 0.389581 0.300405 0.231641 0.178618 0.137732 0.106205
1.054554 0.739042 0.517928 0.362969 0.254372 0.178267 0.124931 0.087553 0.061358 0.043000
0.703598 0.616710 0.540552 0.473798 0.415288 0.364004 0.319053 0.279652 0.245118 0.214848
0.528563 0.444056 0.373061 0.313416 0.263307 0.221210 0.185843 0.156131 0.131169 0.110197
1.401923 1.024441 0.748600 0.547032 0.399738 0.292105 0.213453 0.155978 0.113980 0.083290
1.966830 1.531373 1.192326 0.928344 0.722808 0.562778 0.438179 0.341166 0.265631 0.206820
1.132806 0.787908 0.548019 0.381167 0.265116 0.184398 0.128255 0.089206 0.062046 0.043155
0.755499 0.508527 0.342289 0.230395 0.155079 0.104384 0.070261 0.047292 0.031833 0.021426
1.843206 1.465027 1.164440 0.925527 0.735632 0.584699 0.464733 0.369382 0.293594 0.233356
1.593095 1.261248 0.998525 0.790529 0.625858 0.495490 0.392277 0.310565 0.245873 0.194657
1.429468 1.069996 0.800921 0.599511 0.448750 0.335902 0.251432 0.188204 0.140875 0.105449
0.558842 0.387010 0.268013 0.185605 0.128536 0.089014 0.061644 0.042690 0.029564 0.020474
1.797888 1.329086 0.982525 0.726330 0.536939 0.396931 0.293431 0.216918 0.160357 0.118543
1.785132 1.570396 1.381491 1.215309 1.069118 0.940512 0.827377 0.727850 0.640296 0.563274
1.535856 1.039512 0.703572 0.476198 0.322305 0.218145 0.147647 0.099932 0.067637 0.045779
1.067379 0.766749 0.550792 0.395660 0.284222 0.204170 0.146665 0.105356 0.075683 0.054366
1.937991 1.607014 1.332562 1.104982 0.916269 0.759785 0.630026 0.522428 0.433205 0.359221
0.955154 0.829389 0.720184 0.625358 0.543017 0.471519 0.409434 0.355524 0.308712 0.268064
1.209967 1.100905 1.001674 0.911387 0.829238 0.754494 0.686487 0.624610 0.568310 0.517085
0.701499 0.484046 0.334000 0.230466 0.159025 0.109730 0.075716 0.052245 0.036050 0.024875
0.965179 0.662781 0.455126 0.312532 0.214613 0.147373 0.101200 0.069493 0.047720 0.032769
1.406117 1.270140 1.147313 1.036363 0.936143 0.845615 0.763841 0.689974 0.623251 0.562981
0.502905 0.413825 0.340524 0.280207 0.230574 0.189732 0.156125 0.128470 0.105714 0.086989
1.004730 0.815042 0.661167 0.536342 0.435083 0.352942 0.286308 0.232255 0.188406 0.152836
1.320384 0.939675 0.668736 0.475918 0.338695 0.241039 0.171539 0.122079 0.086880 0.061830
0.647098 0.441548 0.301290 0.205586 0.140281 0.095721 0.065315 0.044568 0.030411 0.020751
1.356852 0.975887 0.701886 0.504817 0.363079 0.261137 0.187817 0.135084 0.097156 0.069877
1.942831 1.832819 1.729036 1.631129 1.538767 1.451634 1.369436 1.291891 1.218738 1.149727
1.618539 1.222776 0.923784 0.697902 0.527251 0.398329 0.300930 0.227347 0.171756 0.129759
1.173145 0.818221 0.570677 0.398024 0.277606 0.193619 0.135041 0.094186 0.065691 0.045817
1.250080 1.093960 0.957338 0.837778 0.733149 0.641588 0.561461 0.491341 0.429979 0.376279
1.172242 1.021460 0.890073 0.775586 0.675825 0.588896 0.513148 0.447144 0.389629 0.339512
1.500864 1.007701 0.676585 0.454269 0.305003 0.204783 0.137494 0.092316 0.061982 0.041616
1.188901 0.882333 0.654817 0.485967 0.360656 0.267658 0.198640 0.147419 0.109406 0.081195
0.515969 0.396225 0.304270 0.233656 0.179430 0.137788 0.105811 0.081255 0.062397 0.047916
1.491025 1.085216 0.789855 0.574882 0.418418 0.304538 0.221653 0.161326 0.117418 0.085461
1.391366 1.241551 1.107867 0.988578 0.882133 0.787150 0.702394 0.626763 0.559277 0.499057
1.296203 0.913604 0.643936 0.453866 0.319899 0.225474 0.158921 0.112013 0.078950 0.055646
0.563149 0.479644 0.408522 0.347946 0.296352 0.252408 0.214981 0.183103 0.155952 0.132827
1.462359 0.983861 0.661932 0.445342 0.299622 0.201583 0.135623 0.091246 0.061389 0.041302
1.364958 1.083532 0.860130 0.682789 0.542012 0.430260 0.341550 0.271129 0.215228 0.170852
1.884836 1.543334 1.263707 1.034743 0.847264 0.693754 0.568057 0.465134 0.380859 0.311854
1.959870 1.605491 1.315191 1.077381 0.882572 0.722987 0.592259 0.485168 0.397441 0.325577
1.853195 1.242511 0.833066 0.558546 0.374488 0.251083 0.168344 0.112869 0.075675 0.050738
0.775490 0.563444 0.409379 0.297441 0.216110 0.157018 0.114084 0.082890 0.060225 0.043757
1.991434 1.446036 1.050007 0.762439 0.553628 0.402005 0.291907 0.211962 0.153911 0.111759
1.187072 0.840880 0.595649 0.421936 0.298885 0.211719 0.149974 0.106236 0.075254 0.053307
1.768699 1.656427 1.551282 1.452811 1.360591 1.274224 1.193340 1.117591 1.046649 0.980211
0.662029 0.592232 0.529793 0.473937 0.423970 0.379270 0.339284 0.303513 0.271514 0.242888
1.619360 1.260971 0.981899 0.764590 0.595375 0.463609 0.361006 0.281110 0.218896 0.170451
1.660889 1.437291 1.243795 1.076349 0.931445 0.806048 0.697534 0.603628 0.522364 0.452041
0.843843 0.604158 0.432553 0.309690 0.221726 0.158747 0.113656 0.081373 0.058260 0.041712
1.605802 1.479003 1.362216 1.254651 1.155580 1.064331 0.980288 0.902881 0.831587 0.765922
1.331643 0.938844 0.661910 0.466664 0.329010 0.231961 0.163539 0.115299 0.081289 0.057311
1.185755 0.912244 0.701822 0.539937 0.415393 0.319577 0.245862 0.189150 0.145520 0.111954
1.462836 1.132191 0.876281 0.678214 0.524917 0.406270 0.314440 0.243367 0.188359 0.145784
1.245370 0.857252 0.590090 0.406189 0.279601 0.192464 0.132483 0.091195 0.062774 0.043210
0.662719 0.566427 0.484126 0.413783 0.353660 0.302274 0.258354 0.220815 0.188731 0.161309
1.613232 1.369620 1.162796 0.987204 0.838128 0.711564 0.604111 0.512886 0.435435 0.369681
1.983070 1.505092 1.142321 0.866988 0.658018 0.499416 0.379042 0.287682 0.218342 0.165715
0.872385 0.611115 0.428092 0.299883 0.210071 0.147157 0.103085 0.072212 0.050585 0.035436
1.243774 0.927781 0.692069 0.516241 0.385085 0.287250 0.214271 0.159834 0.119226 0.088936
1.852975 1.615165 1.407875 1.227188 1.069691 0.932407 0.812742 0.708435 0.617515 0.538263
0.670505 0.625046 0.582668 0.543163 0.506337 0.472008 0.440006 0.410174 0.382364 0.356440
1.090895 0.754226 0.521458 0.360527 0.249262 0.172335 0.119150 0.082378 0.056955 0.039377
1.371477 1.109444 0.897476 0.726005 0.587296 0.475088 0.384318 0.310891 0.251493 0.203443
1.128083 0.760374 0.512524 0.345462 0.232856 0.156954 0.105794 0.071309 0.048065 0.032398
0.822076 0.750768 0.685646 0.626173 0.571858 0.522255 0.476954 0.435583 0.397800 0.363294
0.558999 0.505315 0.456785 0.412917 0.373261 0.337414 0.305010 0.275717 0.249238 0.225302
1.892368 1.510127 1.205095 0.961677 0.767427 0.612414 0.488712 0.389997 0.311221 0.248357
1.538398 1.050016 0.716677 0.489160 0.333871 0.227880 0.155537 0.106160 0.072458 0.049456
1.937057 1.776433 1.629128 1.494038 1.370149 1.256534 1.152340 1.056786 0.969155 0.888791
1.345234 1.108270 0.913048 0.752214 0.619711 0.510548 0.420615 0.346523 0.285483 0.235195
0.909138 0.831310 0.760145 0.695071 0.635569 0.581160 0.531410 0.485918 0.444320 0.406284
0.855691 0.673206 0.529637 0.416686 0.327823 0.257911 0.202908 0.159636 0.125592 0.098808
1.604071 1.274015 1.011872 0.803668 0.638304 0.506966 0.402652 0.319802 0.253999 0.201736
1.596765 1.220692 0.933193 0.713406 0.545384 0.416934 0.318737 0.243668 0.186279 0.142406
1.136385 0.927917 0.757692 0.618694 0.505196 0.412518 0.336843 0.275049 0.224592 0.183391
1.338415 0.958267 0.686093 0.491223 0.351702 0.251809 0.180288 0.129081 0.092419 0.066169
1.055266 0.848505 0.682255 0.548578 0.441094 0.354669 0.285177 0.229302 0.184374 0.148249
1.152242 1.063514 0.981620 0.906031 0.836263 0.771868 0.712431 0.657571 0.606935 0.560199
1.497778 1.202827 0.965960 0.775737 0.622975 0.500295 0.401774 0.322655 0.259116 0.208089
1.997751 1.754417 1.540721 1.353055 1.188247 1.043514 0.916409 0.804787 0.706760 0.620674
0.652436 0.503125 0.387985 0.299194 0.230723 0.177922 0.137205 0.105805 0.081592 0.062919
0.855445 0.578833 0.391665 0.265019 0.179324 0.121339 0.082103 0.055555 0.037591 0.025436
1.325379 0.903864 0.616404 0.420367 0.286676 0.195503 0.133327 0.090924 0.062007 0.042287
1.063107 0.891747 0.748009 0.627439 0.526304 0.441470 0.370311 0.310622 0.260553 0.218555
0.613293 0.429582 0.300901 0.210766 0.147631 0.103408 0.072432 0.050735 0.035538 0.024892
1.939743 1.389881 0.995890 0.713584 0.511303 0.366363 0.262510 0.188096 0.134776 0.096571
0.587165 0.419956 0.300363 0.214828 0.153650 0.109895 0.078600 0.056217 0.040208 0.028757
0.907918 0.658235 0.477216 0.345979 0.250832 0.181852 0.131841 0.095584 0.069298 0.050240
1.198393 0.941687 0.739970 0.581462 0.456908 0.359034 0.282126 0.221692 0.174204 0.136888
1.380434 1.107196 0.888042 0.712267 0.571284 0.458206 0.367511 0.294767 0.236422 0.189626
1.181154 1.047754 0.929420 0.824451 0.731337 0.648740 0.575471 0.510477 0.452823 0.401681
0.922180 0.745624 0.602870 0.487447 0.394123 0.318666 0.257656 0.208326 0.168441 0.136192
0.691739 0.585642 0.495818 0.419771 0.355388 0.300880 0.254732 0.215662 0.182585 0.154580
1.846797 1.429185 1.106006 0.855907 0.662363 0.512584 0.396674 0.306975 0.237559 0.183841
1.122740 0.755575 0.508482 0.342195 0.230288 0.154978 0.104296 0.070189 0.047235 0.031788
1.719844 1.624588 1.534608 1.449611 1.369322 1.293481 1.221839 1.154166 1.090241 1.029856
1.414428 1.017657 0.732187 0.526796 0.379021 0.272699 0.196202 0.141164 0.101565 0.073074
0.857359 0.709068 0.586426 0.484996 0.401110 0.331733 0.274356 0.226903 0.187657 0.155199
0.755963 0.679045 0.609954 0.547893 0.492146 0.442071 0.397091 0.356688 0.320396 0.287796
0.616990 0.511120 0.423416 0.350761 0.290573 0.240713 0.199409 0.165192 0.136846 0.113365
0.993960 0.885323 0.788559 0.702372 0.625604 0.557227 0.496324 0.442077 0.393759 0.350722
1.906012 1.363157 0.974913 0.697246 0.498662 0.356637 0.255062 0.182418 0.130463 0.093305
1.126263 0.794692 0.560735 0.395655 0.279175 0.196986 0.138993 0.098074 0.069201 0.048828
1.010532 0.772154 0.590008 0.450830 0.344482 0.263221 0.201129 0.153684 0.117431 0.089730
1.634362 1.377506 1.161018 0.978553 0.824764 0.695144 0.585896 0.493817 0.416209 0.350797
0.946940 0.898157 0.851888 0.808003 0.766378 0.726898 0.689451 0.653934 0.620246 0.588294
1.915282 1.383291 0.999066 0.721564 0.521141 0.376388 0.271842 0.196335 0.141800 0.102414
1.733403 1.585656 1.450502 1.326867 1.213771 1.110315 1.015677 0.929105 0.849912 0.777470
0.964087 0.689970 0.493792 0.353393 0.252913 0.181003 0.129538 0.092707 0.066348 0.047483
1.953433 1.511341 1.169301 0.904670 0.699929 0.541524 0.418969 0.324150 0.250790 0.194032
0.789228 0.707540 0.634308 0.568655 0.509798 0.457032 0.409728 0.367320 0.329301 0.295218
1.524740 1.151166 0.869120 0.656179 0.495409 0.374030 0.282389 0.213202 0.160965 0.121528
1.375712 0.924071 0.620703 0.416928 0.280053 0.188112 0.126356 0.084874 0.057010 0.038294
0.846431 0.785532 0.729015 0.676565 0.627888 0.582713 0.540789 0.501880 0.465771 0.432260
1.440625 1.108317 0.852662 0.655979 0.504665 0.388255 0.298696 0.229796 0.176789 0.136009
1.067417 0.834931 0.653081 0.510839 0.399577 0.312548 0.244475 0.191227 0.149578 0.116999
0.576618 0.442844 0.340105 0.261201 0.200603 0.154063 0.118321 0.090871 0.069789 0.053598
1.167707 1.082498 1.003507 0.930280 0.862397 0.799467 0.741129 0.687048 0.636914 0.590438
1.416120 1.151089 0.935659 0.760547 0.618208 0.502508 0.408462 0.332017 0.269879 0.219370
1.494489 1.180250 0.932084 0.736099 0.581322 0.459090 0.362559 0.286326 0.226121 0.178576
1.340956 0.923963 0.636642 0.438667 0.302256 0.208265 0.143501 0.098877 0.068130 0.046944
1.472851 1.387998 1.308033 1.232676 1.161660 1.094735 1.031666 0.972230 0.916219 0.863434
0.905222 0.659672 0.480730 0.350327 0.255298 0.186046 0.135579 0.098802 0.072001 0.052470
0.891311 0.613901 0.422831 0.291230 0.200588 0.138157 0.095157 0.065541 0.045142 0.031092
1.702354 1.382390 1.122565 0.911575 0.740242 0.601111 0.488130 0.396384 0.321882 0.261383
1.977596 1.555439 1.223400 0.962242 0.756832 0.595272 0.468199 0.368253 0.289642 0.227812
1.944567 1.820293 1.703962 1.595064 1.493126 1.397703 1.308379 1.224762 1.146490 1.073220
1.483164 1.064517 0.764039 0.548377 0.393588 0.282492 0.202754 0.145523 0.104447 0.074965
1.278653 1.138940 1.014493 0.903643 0.804906 0.716957 0.638618 0.568839 0.506685 0.451321
1.685981 1.182380 0.829203 0.581521 0.407821 0.286005 0.200575 0.140664 0.098648 0.069182
1.165743 0.906727 0.705262 0.548560 0.426676 0.331873 0.258134 0.200779 0.156168 0.121469
1.086780 0.890602 0.729836 0.598091 0.490128 0.401653 0.329149 0.269734 0.221043 0.181142
1.347679 0.961128 0.685450 0.488845 0.348631 0.248634 0.177319 0.126459 0.090187 0.064319
0.824760 0.562097 0.383084 0.261083 0.177935 0.121268 0.082647 0.056326 0.038388 0.026162
0.794135 0.557043 0.390735 0.274080 0.192252 0.134854 0.094593 0.066352 0.046542 0.032647
1.749113 1.419770 1.152439 0.935445 0.759308 0.616337 0.500286 0.406086 0.329624 0.267558
1.838183 1.697923 1.568366 1.448694 1.338154 1.236048 1.141734 1.054615 0.974145 0.899814
1.783463 1.485324 1.237024 1.030232 0.858009 0.714576 0.595121 0.495635 0.412781 0.343776
0.775366 0.660365 0.562420 0.479003 0.407958 0.347450 0.295916 0.252026 0.214646 0.182810
1.187174 0.979127 0.807539 0.666021 0.549304 0.453041 0.373647 0.308167 0.254162 0.209621
1.895291 1.600405 1.351400 1.141138 0.963590 0.813666 0.687069 0.580169 0.489901 0.413678
1.489139 1.032903 0.716447 0.496946 0.344694 0.239088 0.165837 0.115029 0.079787 0.055342
0.716195 0.557257 0.433591 0.337369 0.262500 0.204246 0.158920 0.123652 0.096211 0.074860
1.230657 1.000263 0.813002 0.660798 0.537088 0.436539 0.354813 0.288388 0.234398 0.190516
1.964018 1.613829 1.326081 1.089638 0.895353 0.735710 0.604532 0.496742 0.408172 0.335394
1.165819 0.965052 0.798859 0.661287 0.547406 0.453137 0.375102 0.310505 0.257033 0.212769
0.764039 0.651179 0.554990 0.473010 0.403139 0.343590 0.292836 0.249580 0.212713 0.181292
1.621359 1.465438 1.324511 1.197136 1.082011 0.977957 0.883910 0.798906 0.722078 0.652638
1.798023 1.468501 1.199370 0.979563 0.800039 0.653417 0.533666 0.435861 0.355981 0.290741
0.662183 0.458124 0.316948 0.219277 0.151704 0.104955 0.072612 0.050236 0.034755 0.024045
1.707425 1.447220 1.226668 1.039728 0.881277 0.746974 0.633138 0.536650 0.454866 0.385546
1.001929 0.710640 0.504037 0.357500 0.253565 0.179846 0.127560 0.090475 0.064171 0.045515
1.597722 1.106091 0.765739 0.530115 0.366995 0.254068 0.175889 0.121767 0.084298 0.058359
1.268803 1.144592 1.032540 0.931458 0.840271 0.758011 0.683804 0.616862 0.556473 0.501996
1.937832 1.753014 1.585823 1.434577 1.297756 1.173985 1.062018 0.960729 0.869101 0.786212
1.460005 1.184453 0.960906 0.779551 0.632423 0.513063 0.416231 0.337674 0.273944 0.222241
1.345894 1.045272 0.811798 0.630473 0.489649 0.380280 0.295340 0.229372 0.178139 0.138350
1.704972 1.229911 0.887217 0.640010 0.461682 0.333042 0.240246 0.173305 0.125017 0.090183
1.776087 1.463500 1.205928 0.993688 0.818801 0.674694 0.555950 0.458104 0.377479 0.311044
0.669400 0.453704 0.307510 0.208423 0.141265 0.095746 0.064894 0.043984 0.029811 0.020205
1.585159 1.350680 1.150886 0.980646 0.835588 0.711987 0.606669 0.516930 0.440465 0.375311
1.047113 0.772759 0.570288 0.420866 0.310595 0.229216 0.169159 0.124837 0.092129 0.067990
0.865146 0.706754 0.577361 0.471657 0.385306 0.314764 0.257136 0.210060 0.171602 0.140185
0.947727 0.789639 0.657921 0.548175 0.456735 0.380548 0.317070 0.264180 0.220113 0.183396
1.831355 1.310705 0.938074 0.671382 0.480509 0.343902 0.246131 0.176157 0.126076 0.090233
0.950953 0.783312 0.645224 0.531479 0.437786 0.360610 0.297039 0.244675 0.201542 0.166013
0.619574 0.502559 0.407645 0.330656 0.268207 0.217553 0.176465 0.143138 0.116104 0.094176
1.035333 0.700466 0.473908 0.320628 0.216924 0.146762 0.099294 0.067178 0.045450 0.030750
0.816533 0.586552 0.421347 0.302672 0.217423 0.156185 0.112194 0.080594 0.057894 0.041588
1.769821 1.367623 1.056826 0.816658 0.631070 0.487657 0.376835 0.291198 0.225022 0.173885
0.911332 0.733161 0.589823 0.474509 0.381739 0.307106 0.247065 0.198762 0.159903 0.128641
1.623663 1.366956 1.150835 0.968884 0.815700 0.686735 0.578160 0.486751 0.409794 0.345004
1.084655 1.004968 0.931136 0.862728 0.799346 0.740620 0.686209 0.635795 0.589085 0.545806
1.931390 1.517941 1.192998 0.937616 0.736902 0.579155 0.455176 0.357738 0.281157 0.220971
0.992053 0.928298 0.868641 0.812817 0.760581 0.711702 0.665965 0.623166 0.583118 0.545644
1.925814 1.312707 0.894791 0.609923 0.415747 0.283388 0.193168 0.131671 0.089752 0.061178
1.856496 1.754092 1.657337 1.565918 1.479542 1.397931 1.320821 1.247964 1.179127 1.114086
0.551394 0.403036 0.294595 0.215331 0.157394 0.115045 0.084091 0.061465 0.044928 0.032839
1.137999 0.810216 0.576846 0.410695 0.292401 0.208179 0.148217 0.105525 0.075130 0.053490
0.652431 0.617346 0.584148 0.552735 0.523011 0.494886 0.468273 0.443091 0.419264 0.396718
0.795724 0.633896 0.504979 0.402280 0.320467 0.255293 0.203374 0.162013 0.129064 0.102816
1.317183 0.886446 0.596566 0.401481 0.270191 0.181835 0.122372 0.082355 0.055424 0.037299
1.358721 1.097140 0.885919 0.715362 0.577641 0.466434 0.376636 0.304126 0.245576 0.198298
1.891462 1.703976 1.535074 1.382914 1.245837 1.122347 1.011097 0.910875 0.820587 0.739249
0.620459 0.432151 0.300994 0.209643 0.146017 0.101701 0.070835 0.049337 0.034363 0.023934
0.628970 0.424579 0.286607 0.193471 0.130600 0.088160 0.059511 0.040172 0.027118 0.018306
0.863770 0.725770 0.609818 0.512391 0.430529 0.361745 0.303951 0.255391 0.214588 0.180305
0.720288 0.535948 0.398785 0.296726 0.220786 0.164281 0.122238 0.090954 0.067677 0.050356
1.393496 1.190085 1.016366 0.868005 0.741301 0.633092 0.540678 0.461754 0.394351 0.336787
1.287093 0.909205 0.642263 0.453696 0.320491 0.226396 0.159926 0.112972 0.079804 0.056373
1.892750 1.397289 1.031524 0.761504 0.562167 0.415010 0.306374 0.226175 0.166970 0.123262
1.051691 0.736759 0.516134 0.361576 0.253301 0.177449 0.124312 0.087086 0.061008 0.042739
0.851230 0.589638 0.408436 0.282919 0.195975 0.135750 0.094032 0.065135 0.045118 0.031253
0.964725 0.883983 0.809998 0.742206 0.680088 0.623168 0.571012 0.523222 0.479431 0.439306
1.518890 1.418489 1.324724 1.237158 1.155379 1.079007 1.007682 0.941073 0.878866 0.820771
1.686200 1.346325 1.074957 0.858286 0.685287 0.547159 0.436872 0.348815 0.278507 0.222371
1.001767 0.838188 0.701320 0.586801 0.490982 0.410809 0.343728 0.287600 0.240638 0.201344
1.775448 1.343772 1.017053 0.769770 0.582611 0.440957 0.333745 0.252599 0.191183 0.144700
1.828774 1.511539 1.249334 1.032614 0.853487 0.705434 0.583063 0.481920 0.398322 0.329226
1.919849 1.314656 0.900238 0.616456 0.422131 0.289063 0.197942 0.135545 0.092817 0.063558
0.659084 0.511418 0.396836 0.307926 0.238936 0.185403 0.143864 0.111632 0.086621 0.067214
0.575684 0.476684 0.394708 0.326830 0.270625 0.224086 0.185550 0.153641 0.127219 0.105341
1.264517 1.145964 1.038525 0.941160 0.852923 0.772958 0.700490 0.634817 0.575300 0.521364
1.471759 1.333812 1.208795 1.095495 0.992815 0.899759 0.815425 0.738996 0.669731 0.606957
0.567535 0.483062 0.411162 0.349963 0.297874 0.253537 0.215800 0.183680 0.156341 0.133071
0.570886 0.403212 0.284786 0.201142 0.142065 0.100339 0.070869 0.050054 0.035353 0.024969
0.782842 0.545391 0.379964 0.264714 0.184421 0.128483 0.089511 0.062361 0.043446 0.030268
0.854295 0.685085 0.549390 0.440572 0.353308 0.283329 0.227210 0.182206 0.146117 0.117175
1.168250 0.915015 0.716672 0.561323 0.439648 0.344348 0.269706 0.211243 0.165453 0.129589
1.312587 1.132749 0.977550 0.843615 0.728031 0.628283 0.542202 0.467914 0.403805 0.348479
1.152431 0.901035 0.704479 0.550801 0.430647 0.336704 0.263254 0.205826 0.160926 0.125821
1.615774 1.140545 0.805090 0.568299 0.401152 0.283166 0.199882 0.141093 0.099595 0.070302
0.699116 0.489854 0.343229 0.240492 0.168507 0.118069 0.082728 0.057966 0.040615 0.028458
1.304639 1.168724 1.046968 0.937896 0.840188 0.752658 0.674247 0.604005 0.541081 0.484712
1.506437 1.210072 0.972012 0.780786 0.627180 0.503794 0.404681 0.325067 0.261116 0.209746
1.985851 1.343185 0.908500 0.614489 0.415626 0.281120 0.190143 0.128609 0.086988 0.058837
1.543041 1.149364 0.856126 0.637702 0.475005 0.353817 0.263547 0.196309 0.146224 0.108918
1.824144 1.377120 1.039644 0.784869 0.592530 0.447325 0.337703 0.254946 0.192469 0.145303
1.741167 1.354898 1.054321 0.820426 0.638419 0.496789 0.386579 0.300819 0.234084 0.182153
1.577257 1.395295 1.234324 1.091924 0.965953 0.854514 0.755932 0.668723 0.591574 0.523326
0.735364 0.556242 0.420752 0.318264 0.240741 0.182100 0.137744 0.104192 0.078813 0.059615
1.559347 1.049827 0.706794 0.475848 0.320364 0.215684 0.145209 0.097762 0.065818 0.044312
0.537571 0.436122 0.353819 0.287047 0.232877 0.188929 0.153275 0.124349 0.100883 0.081844
1.333221 1.154664 1.000021 0.866089 0.750095 0.649636 0.562631 0.487278 0.422017 0.365497
1.529513 1.106383 0.800310 0.578909 0.418758 0.302911 0.219113 0.158497 0.114650 0.082933
1.614223 1.471236 1.340915 1.222138 1.113881 1.015215 0.925288 0.843326 0.768625 0.700541
1.090300 0.910456 0.760278 0.634871 0.530150 0.442703 0.369680 0.308702 0.257782 0.215261
1.339866 1.107114 0.914794 0.755883 0.624576 0.516079 0.426430 0.352353 0.291145 0.240569
1.116280 0.876018 0.687468 0.539501 0.423382 0.332255 0.260742 0.204621 0.160580 0.126017
1.657065 1.122701 0.760657 0.515363 0.349171 0.236572 0.160283 0.108596 0.073576 0.049850
0.596461 0.427320 0.306143 0.219328 0.157132 0.112573 0.080650 0.057780 0.041395 0.029656
1.337842 1.254429 1.176216 1.102879 1.034115 0.969639 0.909182 0.852495 0.799343 0.749504
1.544551 1.387802 1.246960 1.120412 1.006707 0.904541 0.812743 0.730262 0.656151 0.589561
1.058880 0.773605 0.565187 0.412919 0.301674 0.220399 0.161021 0.117640 0.085946 0.062791
0.942886 0.784818 0.653250 0.543737 0.452584 0.376712 0.313559 0.260993 0.217240 0.180821
0.788529 0.650784 0.537101 0.443277 0.365843 0.301935 0.249192 0.205661 0.169735 0.140085
1.453733 1.006390 0.696703 0.482313 0.333896 0.231149 0.160020 0.110779 0.076690 0.053091
0.713506 0.677693 0.643677 0.611368 0.580681 0.551534 0.523851 0.497557 0.472582 0.448861
1.931531 1.429399 1.057804 0.782811 0.579306 0.428706 0.317257 0.234781 0.173746 0.128578
1.094905 0.962962 0.846919 0.744859 0.655099 0.576155 0.506725 0.445661 0.391956 0.344723
1.307627 1.055728 0.852354 0.688158 0.555592 0.448563 0.362153 0.292388 0.236063 0.190588
1.744539 1.201810 0.827924 0.570355 0.392917 0.270679 0.186471 0.128459 0.088495 0.060964
0.717012 0.499717 0.348275 0.242728 0.169168 0.117900 0.082170 0.057268 0.039912 0.027817
1.967533 1.568669 1.250663 0.997125 0.794985 0.633823 0.505332 0.402890 0.321215 0.256097
1.730940 1.427238 1.176823 0.970344 0.800092 0.659712 0.543963 0.448522 0.369827 0.304939
1.088257 0.939317 0.810761 0.699800 0.604025 0.521357 0.450004 0.388416 0.335257 0.289373
1.830386 1.501527 1.231753 1.010448 0.828905 0.679978 0.557809 0.457590 0.375376 0.307934
0.583728 0.483309 0.400164 0.331324 0.274325 0.227133 0.188059 0.155707 0.128920 0.106742
1.436998 1.192289 0.989251 0.820790 0.681016 0.565044 0.468821 0.388985 0.322744 0.267783
1.186164 0.891587 0.670167 0.503735 0.378635 0.284603 0.213924 0.160797 0.120864 0.090848
1.171702 1.016949 0.882636 0.766062 0.664884 0.577070 0.500853 0.434703 0.377290 0.327459
1.418922 1.196098 1.008266 0.849931 0.716460 0.603949 0.509107 0.429158 0.361764 0.304954
0.617354 0.499009 0.403350 0.326029 0.263530 0.213012 0.172178 0.139172 0.112493 0.090928
1.051981 0.763603 0.554278 0.402335 0.292043 0.211986 0.153875 0.111693 0.081075 0.058850
0.815414 0.735076 0.662653 0.597365 0.538510 0.485454 0.437625 0.394508 0.355640 0.320600
1.077612 0.822607 0.627947 0.479350 0.365917 0.279327 0.213227 0.162770 0.124252 0.094849
1.383401 1.185695 1.016244 0.871009 0.746531 0.639842 0.548400 0.470027 0.402854 0.345281
0.960625 0.871048 0.789824 0.716174 0.649391 0.588836 0.533928 0.484140 0.438994 0.398059
0.577081 0.489573 0.415335 0.352354 0.298923 0.253595 0.215140 0.182516 0.154840 0.131360
1.447708 1.030007 0.732824 0.521386 0.370953 0.263923 0.187775 0.133597 0.095051 0.067626
1.654750 1.280503 0.990897 0.766790 0.593369 0.459169 0.355321 0.274960 0.212773 0.164651
1.410559 0.975647 0.674830 0.466762 0.322847 0.223305 0.154454 0.106832 0.073893 0.051110
1.682533 1.441707 1.235352 1.058532 0.907022 0.777197 0.665955 0.570635 0.488958 0.418972
0.784513 0.637323 0.517749 0.420609 0.341695 0.277586 0.225505 0.183196 0.148825 0.120903
1.639649 1.325387 1.071357 0.866016 0.700032 0.565861 0.457406 0.369737 0.298872 0.241589
1.266010 1.054005 0.877502 0.730557 0.608218 0.506366 0.421571 0.350975 0.292201 0.243269
1.126551 0.992142 0.873770 0.769520 0.677709 0.596852 0.525641 0.462927 0.407695 0.359053
1.254155 1.121429 1.002749 0.896630 0.801740 0.716893 0.641025 0.573186 0.512526 0.458286
0.783065 0.614956 0.482937 0.379260 0.297841 0.233900 0.183687 0.144253 0.113285 0.088965
0.634137 0.483532 0.368695 0.281132 0.214364 0.163454 0.124634 0.095034 0.072464 0.055254
1.939756 1.401266 1.012264 0.731252 0.528252 0.381605 0.275669 0.199141 0.143858 0.103922
0.994624 0.690905 0.479930 0.333378 0.231578 0.160863 0.111742 0.077620 0.053918 0.037454
1.738601 1.602554 1.477153 1.361565 1.255021 1.156815 1.066293 0.982855 0.905946 0.835055
1.175770 1.074377 0.981727 0.897067 0.819708 0.749020 0.684428 0.625406 0.571474 0.522193
0.695531 0.576817 0.478365 0.396717 0.329005 0.272850 0.226280 0.187658 0.155629 0.129066
1.690852 1.511707 1.351542 1.208346 1.080322 0.965862 0.863530 0.772039 0.690242 0.617111
0.730270 0.571359 0.447028 0.349752 0.273644 0.214098 0.167509 0.131058 0.102539 0.080226
0.993151 0.730773 0.537712 0.395656 0.291128 0.214216 0.157623 0.115981 0.085340 0.062794
1.038373 0.898064 0.776713 0.671761 0.580990 0.502484 0.434586 0.375863 0.325075 0.281149
1.550036 1.472184 1.398242 1.328014 1.261313 1.197963 1.137794 1.080648 1.026371 0.974821
0.873515 0.722697 0.597918 0.494683 0.409273 0.338609 0.280146 0.231776 0.191759 0.158650
1.211803 0.912427 0.687012 0.517286 0.389490 0.293267 0.220815 0.166263 0.125188 0.094260
1.526615 1.089233 0.777162 0.554502 0.395634 0.282283 0.201408 0.143704 0.102532 0.073156
1.720740 1.173147 0.799815 0.545289 0.371761 0.253455 0.172798 0.117808 0.080318 0.054758
0.758018 0.702556 0.651151 0.603508 0.559351 0.518424 0.480492 0.445336 0.412752 0.382551
1.964227 1.778095 1.609602 1.457074 1.319001 1.194011 1.080865 0.978442 0.885724 0.801792
0.747282 0.561371 0.421711 0.316796 0.237982 0.178776 0.134299 0.100888 0.075789 0.056934
0.825369 0.684398 0.567504 0.470575 0.390202 0.323556 0.268293 0.222469 0.184472 0.152964
1.696827 1.484276 1.298349 1.135713 0.993449 0.869006 0.760151 0.664931 0.581639 0.508781
1.414422 1.296207 1.187871 1.088591 0.997608 0.914229 0.837819 0.767795 0.703624 0.644816
1.045169 0.860069 0.707751 0.582408 0.479264 0.394386 0.324540 0.267064 0.219767 0.180846
1.079751 0.997807 0.922082 0.852104 0.787437 0.727677 0.672453 0.621420 0.574259 0.530678
1.595362 1.391400 1.213515 1.058371 0.923062 0.805052 0.702129 0.612364 0.534075 0.465796
1.037538 0.724559 0.505991 0.353356 0.246764 0.172326 0.120343 0.084041 0.058689 0.040985
0.620581 0.564554 0.513585 0.467217 0.425036 0.386663 0.351754 0.319997 0.291107 0.264825
1.314318 1.199530 1.094768 0.999155 0.911893 0.832252 0.759566 0.693229 0.632685 0.577429
1.321417 0.912066 0.629524 0.434509 0.299906 0.207000 0.142875 0.098615 0.068066 0.046980
1.427627 1.177968 0.971968 0.801993 0.661743 0.546020 0.450533 0.371745 0.306736 0.253095
1.617091 1.436446 1.275980 1.133440 1.006823 0.894350 0.794442 0.705695 0.626861 0.556835
0.923368 0.793918 0.682616 0.586918 0.504636 0.433890 0.373061 0.320761 0.275792 0.237128
1.814348 1.602134 1.414741 1.249267 1.103147 0.974118 0.860181 0.759570 0.670727 0.592276
1.391249 0.965223 0.669654 0.464594 0.322327 0.223624 0.155147 0.107638 0.074677 0.051810
0.973596 0.784471 0.632085 0.509300 0.410367 0.330651 0.266421 0.214668 0.172968 0.139368
1.169986 0.833563 0.593877 0.423111 0.301448 0.214768 0.153013 0.109015 0.077668 0.055335
1.899392 1.640880 1.417553 1.224620 1.057947 0.913958 0.789566 0.682104 0.589268 0.509067
1.953202 1.481015 1.122979 0.851499 0.645648 0.489563 0.371211 0.281470 0.213425 0.161829
0.713173 0.491592 0.338856 0.233575 0.161004 0.110980 0.076499 0.052731 0.036348 0.025055
0.622626 0.555109 0.494913 0.441245 0.393397 0.350737 0.312704 0.278794 0.248562 0.221608
1.501868 1.283427 1.096757 0.937237 0.800919 0.684428 0.584881 0.499812 0.427116 0.364993
0.933323 0.703987 0.531004 0.400525 0.302108 0.227874 0.171881 0.129646 0.097790 0.073761
1.297794 0.965443 0.718203 0.534279 0.397456 0.295672 0.219953 0.163626 0.121723 0.090551
1.006625 0.855629 0.727284 0.618190 0.525460 0.446640 0.379644 0.322696 0.274291 0.233147
1.928422 1.450208 1.090582 0.820138 0.616758 0.463813 0.348796 0.262301 0.197255 0.148339
0.848025 0.713256 0.599904 0.504566 0.424379 0.356936 0.300211 0.252501 0.212373 0.178622
0.886489 0.640288 0.462463 0.334025 0.241257 0.174254 0.125859 0.090905 0.065658 0.047423
1.383903 1.011645 0.739521 0.540596 0.395181 0.288880 0.211174 0.154370 0.112846 0.082491
1.521021 1.117760 0.821413 0.603636 0.443597 0.325988 0.239560 0.176047 0.129372 0.095072
0.998737 0.934743 0.874849 0.818793 0.766329 0.717226 0.671270 0.628259 0.588003 0.550327
1.260504 1.081896 0.928595 0.797016 0.684082 0.587150 0.503953 0.432545 0.371255 0.318649
0.703908 0.624568 0.554171 0.491709 0.436287 0.387111 0.343479 0.304764 0.270413 0.239934
0.859692 0.787282 0.720971 0.660245 0.604634 0.553707 0.507069 0.464360 0.425248 0.389430
1.021714 0.962254 0.906255 0.853514 0.803843 0.757063 0.713005 0.671511 0.632431 0.595626
0.708767 0.590110 0.491318 0.409065 0.340582 0.283564 0.236092 0.196567 0.163659 0.136261
1.716447 1.535603 1.373812 1.229067 1.099573 0.983722 0.880077 0.787352 0.704397 0.630182
1.114486 0.790995 0.561401 0.398449 0.282795 0.200711 0.142453 0.101104 0.071758 0.050929
1.207470 1.047409 0.908566 0.788128 0.683654 0.593030 0.514419 0.446228 0.387076 0.335766
0.984241 0.932196 0.882903 0.836217 0.791999 0.750120 0.710455 0.672887 0.637306 0.603607
0.957872 0.654978 0.447863 0.306242 0.209403 0.143187 0.097909 0.066948 0.045778 0.031302
1.753136 1.644484 1.542566 1.446965 1.357288 1.273170 1.194264 1.120249 1.050821 0.985696
1.152201 0.850237 0.627410 0.462981 0.341645 0.252108 0.186036 0.137281 0.101303 0.074754
0.710625 0.520209 0.380816 0.278774 0.204075 0.149392 0.109362 0.080057 0.058606 0.042902
1.644407 1.354787 1.116176 0.919590 0.757628 0.624192 0.514256 0.423683 0.349063 0.287584
1.380096 1.082110 0.848464 0.665266 0.521624 0.408996 0.320687 0.251445 0.197154 0.154585
1.680143 1.419903 1.199972 1.014107 0.857030 0.724284 0.612098 0.517289 0.437166 0.369452
1.699706 1.581682 1.471854 1.369652 1.274547 1.186045 1.103689 1.027051 0.955735 0.889371
1.987926 1.408272 0.997638 0.706740 0.500663 0.354676 0.251257 0.177994 0.126093 0.089326
1.081069 0.896259 0.743043 0.616020 0.510711 0.423405 0.351023 0.291016 0.241266 0.200022
1.495468 1.132560 0.857719 0.649575 0.491941 0.372561 0.282151 0.213681 0.161826 0.122556
0.964137 0.737558 0.564227 0.431629 0.330193 0.252596 0.193234 0.147822 0.113083 0.086508
0.757741 0.596483 0.469542 0.369616 0.290956 0.229036 0.180294 0.141925 0.111721 0.087945
0.893103 0.680195 0.518042 0.394545 0.300489 0.228855 0.174298 0.132747 0.101101 0.076999
1.299932 0.886740 0.604883 0.412617 0.281464 0.191999 0.130971 0.089341 0.060943 0.041572
0.977954 0.683205 0.477292 0.333439 0.232943 0.162736 0.113688 0.079423 0.055486 0.038763
0.750771 0.583523 0.453533 0.352500 0.273974 0.212942 0.165505 0.128636 0.099980 0.077707
1.531195 1.230115 0.988237 0.793919 0.637810 0.512397 0.411644 0.330703 0.265676 0.213436
0.512545 0.430488 0.361568 0.303682 0.255063 0.214229 0.179931 0.151125 0.126930 0.106609
1.618837 1.174992 0.852838 0.619011 0.449293 0.326108 0.236697 0.171801 0.124697 0.090508
0.774166 0.625678 0.505671 0.408681 0.330294 0.266943 0.215742 0.174362 0.140919 0.113890
1.282868 1.036008 0.836651 0.675656 0.545641 0.440644 0.355852 0.287376 0.232077 0.187419
1.180213 0.907999 0.698571 0.537447 0.413486 0.318117 0.244744 0.188294 0.144865 0.111452
1.178514 0.924425 0.725118 0.568782 0.446152 0.349962 0.274510 0.215325 0.168901 0.132486
0.984898 0.727344 0.537140 0.396676 0.292944 0.216338 0.159765 0.117986 0.087132 0.064347
1.461096 1.182980 0.957802 0.775487 0.627875 0.508360 0.411595 0.333249 0.269816 0.218457
1.653689 1.220851 0.901304 0.665396 0.491235 0.362658 0.267736 0.197658 0.145923 0.107729
0.541893 0.492169 0.447008 0.405991 0.368737 0.334902 0.304171 0.276261 0.250911 0.227887
1.907713 1.623763 1.382077 1.176365 1.001271 0.852239 0.725389 0.617420 0.525522 0.447301
1.218890 1.120523 1.030094 0.946963 0.870541 0.800286 0.735701 0.676329 0.621747 0.571571
1.879027 1.344222 0.961632 0.687934 0.492135 0.352065 0.251861 0.180177 0.128895 0.092209
1.391642 1.273920 1.166157 1.067509 0.977207 0.894543 0.818872 0.749602 0.686192 0.628145
1.237648 0.853574 0.588688 0.406003 0.280010 0.193115 0.133187 0.091855 0.063350 0.043691
1.033366 0.826602 0.661208 0.528908 0.423080 0.338427 0.270712 0.216545 0.173217 0.138559
1.802233 1.261732 0.883331 0.618415 0.432948 0.303104 0.212202 0.148561 0.104007 0.072814
0.810917 0.667777 0.549903 0.452837 0.372904 0.307080 0.252875 0.208239 0.171481 0.141212
1.592791 1.428873 1.281824 1.149909 1.031569 0.925407 0.830171 0.744736 0.668094 0.599338
1.645417 1.352635 1.111949 0.914091 0.751439 0.617729 0.507812 0.417453 0.343172 0.282108
0.816624 0.595398 0.434103 0.316503 0.230761 0.168247 0.122668 0.089437 0.065208 0.047543
1.422449 1.134684 0.905135 0.722024 0.575957 0.459439 0.366494 0.292351 0.233208 0.186029
1.314302 0.964304 0.707511 0.519101 0.380865 0.279441 0.205026 0.150428 0.110369 0.080978
0.829060 0.585711 0.413791 0.292333 0.206526 0.145906 0.103079 0.072823 0.051447 0.036346
1.651723 1.200034 0.871866 0.633441 0.460217 0.334364 0.242927 0.176495 0.128230 0.093163
1.418342 0.998077 0.702339 0.494231 0.347787 0.244735 0.172218 0.121189 0.085280 0.060011
1.544677 1.305508 1.103371 0.932531 0.788143 0.666111 0.562975 0.475807 0.402136 0.339871
1.121263 0.793030 0.560882 0.396692 0.280567 0.198435 0.140346 0.099262 0.070204 0.049653
1.323854 1.048253 0.830027 0.657231 0.520408 0.412069 0.326284 0.258358 0.204573 0.161985
0.833840 0.715117 0.613297 0.525975 0.451086 0.386860 0.331779 0.284539 0.244026 0.209282
1.787984 1.384592 1.072211 0.830307 0.642979 0.497915 0.385579 0.298588 0.231223 0.179056
0.790487 0.697334 0.615158 0.542666 0.478717 0.422304 0.372538 0.328637 0.289910 0.255746
0.975764 0.895517 0.821869 0.754278 0.692245 0.635315 0.583066 0.535114 0.491106 0.450717
1.013507 0.719311 0.510512 0.362323 0.257150 0.182505 0.129529 0.091930 0.065245 0.046306
1.140327 1.080089 1.023033 0.968991 0.917804 0.869320 0.823398 0.779902 0.738703 0.699681
1.028353 0.834258 0.676797 0.549056 0.445425 0.361354 0.293151 0.237820 0.192933 0.156518
0.516565 0.450492 0.392870 0.342618 0.298794 0.260575 0.227245 0.198178 0.172830 0.150723
1.007176 0.687042 0.468664 0.319698 0.218081 0.148764 0.101479 0.069223 0.047221 0.032211
1.733037 1.383401 1.104303 0.881513 0.703670 0.561706 0.448383 0.357923 0.285713 0.228071
1.989420 1.343118 0.906779 0.612194 0.413311 0.279039 0.188387 0.127186 0.085867 0.057972
1.611019 1.237260 0.950214 0.729763 0.560457 0.430430 0.330570 0.253877 0.194977 0.149742
1.841901 1.348290 0.986962 0.722467 0.528853 0.387126 0.283380 0.207437 0.151846 0.111153
0.695621 0.478728 0.329462 0.226736 0.156040 0.107387 0.073904 0.050861 0.035003 0.024089
0.775038 0.531197 0.364072 0.249528 0.171022 0.117215 0.080337 0.055062 0.037738 0.025865
0.817340 0.616189 0.464542 0.350216 0.264026 0.199048 0.150061 0.113130 0.085289 0.064299
1.769481 1.236489 0.864042 0.603781 0.421914 0.294828 0.206022 0.143965 0.100601 0.070299
1.101629 0.830391 0.625936 0.471821 0.355652 0.268085 0.202078 0.152324 0.114819 0.086549
1.049513 0.768649 0.562948 0.412296 0.301960 0.221151 0.161968 0.118623 0.086878 0.063628
1.678508 1.469143 1.285893 1.125500 0.985113 0.862237 0.754688 0.660554 0.578161 0.506045
1.697747 1.285053 0.972677 0.736235 0.557269 0.421806 0.319272 0.241662 0.182918 0.138454
1.792577 1.601102 1.430080 1.277325 1.140887 1.019023 0.910176 0.812955 0.726119 0.648558
0.677734 0.476222 0.334626 0.235132 0.165220 0.116095 0.081576 0.057321 0.040278 0.028302
1.928959 1.657237 1.423791 1.223229 1.050919 0.902882 0.775698 0.666430 0.572553 0.491901
0.940861 0.851481 0.770591 0.697386 0.631136 0.571179 0.516918 0.467812 0.423370 0.383151
1.597518 1.105869 0.765529 0.529932 0.366841 0.253943 0.175790 0.121689 0.084238 0.058313
1.744037 1.413609 1.145785 0.928703 0.752750 0.610133 0.494537 0.400841 0.324897 0.263342
0.777159 0.643512 0.532848 0.441215 0.365340 0.302513 0.250490 0.207414 0.171745 0.142210
1.278779 0.933387 0.681284 0.497273 0.362962 0.264928 0.193372 0.141143 0.103021 0.075196
1.559006 1.228885 0.968668 0.763551 0.601869 0.474422 0.373963 0.294776 0.232357 0.183155
1.688137 1.159377 0.796236 0.546838 0.375557 0.257925 0.177137 0.121654 0.083550 0.057380
1.103304 0.907929 0.747152 0.614845 0.505967 0.416369 0.342638 0.281963 0.232033 0.190944
0.702394 0.545340 0.423404 0.328732 0.255228 0.198160 0.153852 0.119451 0.092742 0.072005
1.489925 1.291742 1.119920 0.970953 0.841801 0.729828 0.632750 0.548584 0.475614 0.412350
1.624629 1.245743 0.955218 0.732448 0.561631 0.430651 0.330217 0.253206 0.194155 0.148875
1.181675 0.869791 0.640224 0.471247 0.346869 0.255318 0.187931 0.138330 0.101820 0.074946
1.468679 1.261692 1.083877 0.931121 0.799894 0.687162 0.590317 0.507121 0.435651 0.374252
0.523134 0.424637 0.344685 0.279787 0.227108 0.184347 0.149638 0.121464 0.098594 0.080031
1.179200 0.796998 0.538675 0.364080 0.246074 0.166317 0.112410 0.075976 0.051351 0.034707
0.993869 0.722343 0.524998 0.381568 0.277323 0.201558 0.146492 0.106471 0.077383 0.056242
1.619606 1.254436 0.971600 0.752535 0.582862 0.451445 0.349658 0.270821 0.209760 0.162465
1.140654 1.049979 0.966513 0.889681 0.818958 0.753856 0.693929 0.638766 0.587989 0.541247
1.650048 1.298746 1.022238 0.804600 0.633298 0.498466 0.392341 0.308810 0.243063 0.191314
0.742614 0.568434 0.435108 0.333054 0.254936 0.195141 0.149371 0.114336 0.087518 0.066991
1.584063 1.251113 0.988145 0.780449 0.616409 0.486847 0.384518 0.303697 0.239864 0.189448
1.563773 1.476299 1.393719 1.315757 1.242157 1.172673 1.107077 1.045149 0.986686 0.931493
0.744891 0.635256 0.541757 0.462020 0.394018 0.336026 0.286568 0.244391 0.208420 0.177745
0.768841 0.583332 0.442584 0.335795 0.254773 0.193301 0.146660 0.111274 0.084425 0.064055
0.753814 0.513356 0.349601 0.238082 0.162137 0.110417 0.075195 0.051209 0.034874 0.023749
1.362302 0.944135 0.654327 0.453477 0.314280 0.217809 0.150951 0.104616 0.072503 0.050248
1.845874 1.689395 1.546181 1.415107 1.295145 1.185352 1.084867 0.992900 0.908729 0.831694
0.838198 0.790518 0.745551 0.703142 0.663145 0.625423 0.589847 0.556294 0.524650 0.494807
1.405615 0.945057 0.635403 0.427209 0.287231 0.193118 0.129842 0.087298 0.058694 0.039463
1.914309 1.564734 1.278995 1.045435 0.854526 0.698480 0.570929 0.466670 0.381451 0.311793
0.654799 0.468331 0.334963 0.239575 0.171351 0.122555 0.087655 0.062693 0.044840 0.032071
1.443970 1.021602 0.722778 0.511362 0.361786 0.255962 0.181092 0.128122 0.090645 0.064131
1.137964 0.774823 0.527565 0.359211 0.244581 0.166532 0.113389 0.077205 0.052568 0.035792
1.121527 0.948228 0.801708 0.677828 0.573090 0.484536 0.409665 0.346363 0.292843 0.247593
0.848769 0.743412 0.651132 0.570308 0.499516 0.437511 0.383203 0.335636 0.293974 0.257483
1.259291 0.867474 0.597567 0.411639 0.283561 0.195334 0.134557 0.092691 0.063851 0.043984
0.510162 0.444929 0.388036 0.338419 0.295145 0.257406 0.224492 0.195786 0.170751 0.148918
0.739452 0.553597 0.414455 0.310285 0.232297 0.173911 0.130200 0.097475 0.072976 0.054634
1.689654 1.391521 1.145992 0.943786 0.777259 0.640114 0.527168 0.434152 0.357547 0.294459
0.611482 0.436227 0.311201 0.222009 0.158380 0.112987 0.080604 0.057503 0.041022 0.029265
1.258679 1.046767 0.870533 0.723970 0.602082 0.500715 0.416414 0.346307 0.288002 0.239514
0.987792 0.768513 0.597911 0.465181 0.361916 0.281574 0.219068 0.170437 0.132602 0.103166
1.098182 0.738737 0.496941 0.334288 0.224872 0.151269 0.101757 0.068451 0.046046 0.030975
1.666095 1.281747 0.986064 0.758591 0.583593 0.448965 0.345394 0.265716 0.204419 0.157262
0.714560 0.511327 0.365897 0.261830 0.187361 0.134072 0.095940 0.068653 0.049127 0.035154
1.375421 1.005966 0.735751 0.538119 0.393574 0.287855 0.210533 0.153982 0.112620 0.082369
1.625960 1.281207 1.009553 0.795497 0.626828 0.493921 0.389195 0.306674 0.241650 0.190413
1.403793 1.108685 0.875615 0.691542 0.546164 0.431349 0.340670 0.269054 0.212493 0.167822
1.092475 1.035285 0.981088 0.929729 0.881058 0.834936 0.791227 0.749807 0.710555 0.673358
1.535982 1.391348 1.260334 1.141657 1.034154 0.936775 0.848565 0.768661 0.696281 0.630717
1.293133 0.928654 0.666906 0.478933 0.343943 0.247000 0.177381 0.127385 0.091481 0.065696
1.472841 1.217122 1.005801 0.831171 0.686860 0.567605 0.469056 0.387617 0.320317 0.264703
1.526414 1.179151 0.910890 0.703660 0.543576 0.419911 0.324380 0.250582 0.193574 0.149535
1.429559 0.983755 0.676974 0.465861 0.320584 0.220611 0.151814 0.104471 0.071892 0.049473
1.518433 1.223320 0.985563 0.794014 0.639695 0.515367 0.415204 0.334507 0.269494 0.217117
1.172722 0.885731 0.668974 0.505261 0.381613 0.288224 0.217689 0.164416 0.124180 0.093790
1.385359 1.249852 1.127599 1.017304 0.917797 0.828024 0.747032 0.673962 0.608039 0.548564
1.143175 1.077327 1.015271 0.956790 0.901677 0.849739 0.800793 0.754666 0.711196 0.670230
0.528872 0.465640 0.409968 0.360952 0.317796 0.279801 0.246348 0.216894 0.190962 0.168131
1.931573 1.563879 1.266180 1.025150 0.830003 0.672003 0.544081 0.440510 0.356654 0.288762
1.118586 0.930143 0.773446 0.643147 0.534799 0.444704 0.369787 0.307490 0.255689 0.212614
1.452704 0.996544 0.683621 0.468959 0.321702 0.220685 0.151388 0.103851 0.071241 0.048871
1.624992 1.409206 1.222074 1.059792 0.919060 0.797015 0.691178 0.599395 0.519800 0.450774
1.222592 0.861520 0.607084 0.427792 0.301450 0.212422 0.149687 0.105479 0.074328 0.052376
0.593423 0.424149 0.303161 0.216684 0.154875 0.110697 0.079121 0.056552 0.040420 0.028891
0.760272 0.558255 0.409917 0.300996 0.221016 0.162288 0.119166 0.087501 0.064251 0.047178
0.847907 0.699016 0.576270 0.475078 0.391655 0.322881 0.266184 0.219442 0.180908 0.149141
1.315621 1.086591 0.897432 0.741202 0.612170 0.505600 0.417583 0.344888 0.284848 0.235260
0.985563 0.791628 0.635855 0.510734 0.410233 0.329509 0.264670 0.212589 0.170757 0.137156
0.793116 0.652567 0.536925 0.441776 0.363488 0.299074 0.246075 0.202468 0.166588 0.137067
1.724890 1.478240 1.266859 1.085705 0.930454 0.797404 0.683379 0.585660 0.501913 0.430142
0.927695 0.678597 0.496385 0.363099 0.265602 0.194285 0.142117 0.103956 0.076043 0.055624
0.514097 0.444210 0.383823 0.331645 0.286561 0.247605 0.213946 0.184861 0.159731 0.138017
1.259951 1.193342 1.130255 1.070503 1.013910 0.960309 0.909541 0.861457 0.815916 0.772782
0.953121 0.768084 0.618971 0.498805 0.401969 0.323932 0.261044 0.210366 0.169526 0.136615
1.911468 1.466303 1.124814 0.862855 0.661903 0.507752 0.389501 0.298789 0.229204 0.175824
1.833137 1.551985 1.313953 1.112429 0.941813 0.797365 0.675072 0.571534 0.483877 0.409664
1.055479 0.778205 0.573770 0.423040 0.311907 0.229969 0.169556 0.125014 0.092173 0.067959
0.841087 0.712647 0.603820 0.511612 0.433485 0.367289 0.311201 0.263678 0.223413 0.189296
0.593998 0.423488 0.301923 0.215254 0.153464 0.109412 0.078004 0.055613 0.039649 0.028267
0.836968 0.652936 0.509368 0.397369 0.309995 0.241834 0.188659 0.147177 0.114816 0.089570
0.607441 0.526134 0.455710 0.394713 0.341880 0.296119 0.256483 0.222152 0.192417 0.166662
1.683506 1.410063 1.181034 0.989205 0.828533 0.693959 0.581243 0.486835 0.407761 0.341530
1.227736 0.931366 0.706539 0.535984 0.406600 0.308449 0.233991 0.177507 0.134657 0.102152
0.565706 0.387293 0.265147 0.181525 0.124275 0.085081 0.058248 0.039878 0.027301 0.018691
0.659655 0.498407 0.376576 0.284525 0.214975 0.162426 0.122722 0.092724 0.070058 0.052933
1.764664 1.531781 1.329632 1.154160 1.001846 0.869632 0.754867 0.655247 0.568774 0.493713
1.074931 0.804311 0.601822 0.450310 0.336942 0.252115 0.188644 0.141152 0.105616 0.079027
0.680280 0.568900 0.475755 0.397861 0.332721 0.278245 0.232689 0.194592 0.162732 0.136088
1.864275 1.478936 1.173246 0.930740 0.738360 0.585743 0.464672 0.368626 0.292433 0.231988
1.208804 0.995802 0.820333 0.675783 0.556704 0.458608 0.377797 0.311226 0.256385 0.211208
1.042996 0.783499 0.588565 0.442131 0.332129 0.249495 0.187421 0.140791 0.105762 0.079449
1.584412 1.352730 1.154925 0.986044 0.841859 0.718757 0.613656 0.523923 0.447312 0.381903
1.564361 1.120918 0.803175 0.575502 0.412367 0.295475 0.211718 0.151703 0.108700 0.077887
0.655398 0.487254 0.362248 0.269313 0.200220 0.148853 0.110664 0.082273 0.061166 0.045474
1.785171 1.421450 1.131836 0.901230 0.717608 0.571399 0.454979 0.362279 0.288466 0.229692
1.155084 1.053635 0.961096 0.876685 0.799688 0.729453 0.665386 0.606947 0.553640 0.505014
0.804413 0.548061 0.373403 0.254406 0.173332 0.118094 0.080459 0.054818 0.037349 0.025446
0.578855 0.443149 0.339257 0.259722 0.198833 0.152219 0.116533 0.089213 0.068298 0.052286
0.724768 0.621645 0.533196 0.457331 0.392260 0.336448 0.288577 0.247518 0.212300 0.182093
1.806145 1.303165 0.940255 0.678410 0.489485 0.353172 0.254819 0.183856 0.132656 0.095713
0.580610 0.504868 0.439006 0.381736 0.331937 0.288635 0.250981 0.218240 0.189770 0.165014
0.572283 0.469494 0.385167 0.315987 0.259231 0.212670 0.174472 0.143135 0.117426 0.096335
1.769285 1.374465 1.067750 0.829479 0.644379 0.500584 0.388878 0.302099 0.234685 0.182314
1.746352 1.523075 1.328345 1.158511 1.010392 0.881210 0.768544 0.670283 0.584585 0.509844
0.550502 0.386661 0.271583 0.190754 0.133982 0.094106 0.066098 0.046426 0.032609 0.022904
0.684603 0.522144 0.398237 0.303733 0.231656 0.176683 0.134755 0.102777 0.078388 0.059786
1.964286 1.661965 1.406174 1.189751 1.006638 0.851708 0.720623 0.609712 0.515872 0.436475
1.970168 1.726730 1.513372 1.326377 1.162488 1.018849 0.892958 0.782622 0.685920 0.601167
1.451715 1.086153 0.812644 0.608009 0.454904 0.340353 0.254647 0.190523 0.142547 0.106652
1.830933 1.432038 1.120048 0.876030 0.685174 0.535899 0.419146 0.327829 0.256407 0.200545
1.926282 1.715870 1.528442 1.361487 1.212769 1.080296 0.962293 0.857179 0.763548 0.680144
1.644096 1.413582 1.215388 1.044982 0.898468 0.772497 0.664187 0.571063 0.490996 0.422155
1.941366 1.771575 1.616633 1.475243 1.346218 1.228478 1.121036 1.022990 0.933520 0.851874
1.206740 0.886788 0.651667 0.478886 0.351915 0.258609 0.190042 0.139655 0.102627 0.075417
0.585627 0.481224 0.395433 0.324937 0.267008 0.219407 0.180292 0.148150 0.121739 0.100036
1.343939 1.250083 1.162782 1.081578 1.006045 0.935787 0.870435 0.809647 0.753105 0.700511
1.824592 1.707554 1.598023 1.495518 1.399588 1.309811 1.225794 1.147165 1.073580 1.004716
1.695503 1.201709 0.851726 0.603671 0.427860 0.303251 0.214933 0.152336 0.107970 0.076525
1.101639 0.819892 0.610202 0.454141 0.337993 0.251550 0.187216 0.139335 0.103699 0.077178
0.961567 0.911641 0.864308 0.819431 0.776885 0.736548 0.698306 0.662049 0.627674 0.595084
1.758039 1.307414 0.972294 0.723074 0.537734 0.399900 0.297397 0.221167 0.164477 0.122318
1.852282 1.387343 1.039108 0.778283 0.582927 0.436607 0.327015 0.244932 0.183452 0.137404
1.432833 1.115189 0.867964 0.675545 0.525784 0.409223 0.318503 0.247894 0.192939 0.150166
0.658428 0.474932 0.342575 0.247104 0.178239 0.128566 0.092736 0.066892 0.048250 0.034803
0.753186 0.577731 0.443148 0.339917 0.260733 0.199995 0.153406 0.117670 0.090259 0.069233
1.987606 1.743473 1.529326 1.341482 1.176710 1.032177 0.905397 0.794189 0.696641 0.611074
1.243129 0.941556 0.713143 0.540140 0.409106 0.309861 0.234691 0.177757 0.134634 0.101973
1.283697 0.922311 0.662662 0.476110 0.342076 0.245775 0.176584 0.126872 0.091155 0.065493
1.516482 1.300426 1.115152 0.956274 0.820032 0.703201 0.603014 0.517102 0.443429 0.380253
1.590173 1.365587 1.172720 1.007092 0.864857 0.742710 0.637814 0.547733 0.470375 0.403942
1.273921 1.182687 1.097987 1.019354 0.946351 0.878577 0.815656 0.757242 0.703011 0.652664
0.722347 0.590793 0.483197 0.395197 0.323224 0.264358 0.216213 0.176836 0.144631 0.118290
0.749630 0.598501 0.477840 0.381506 0.304592 0.243185 0.194158 0.155015 0.123763 0.098812
1.778641 1.204278 0.815390 0.552083 0.373803 0.253094 0.171364 0.116027 0.078559 0.053191
0.565052 0.500582 0.443468 0.392870 0.348046 0.308336 0.273156 0.241990 0.214380 0.189921
1.023106 0.858738 0.720777 0.604981 0.507787 0.426209 0.357736 0.300264 0.252025 0.211536
1.832959 1.289222 0.906782 0.637790 0.448593 0.315521 0.221923 0.156091 0.109787 0.077220
1.163194 1.004395 0.867275 0.748875 0.646639 0.558360 0.482133 0.416312 0.359477 0.310402
0.892993 0.626300 0.439255 0.308071 0.216065 0.151537 0.106281 0.074540 0.052278 0.036665
0.756750 0.679664 0.610431 0.548250 0.492403 0.442245 0.397196 0.356736 0.320397 0.287760
1.670961 1.317329 1.038538 0.818748 0.645473 0.508869 0.401175 0.316273 0.249339 0.196570
1.620167 1.306430 1.053446 0.849451 0.684959 0.552320 0.445366 0.359123 0.289581 0.233505
1.074548 0.733402 0.500562 0.341644 0.233179 0.159150 0.108623 0.074137 0.050600 0.034536
1.144855 0.908030 0.720195 0.571215 0.453053 0.359334 0.285002 0.226047 0.179287 0.142199
1.355943 1.260197 1.171212 1.088510 1.011648 0.940214 0.873823 0.812121 0.754775 0.701479
0.570747 0.394520 0.272707 0.188504 0.130301 0.090069 0.062259 0.043035 0.029748 0.020563
1.488345 1.267196 1.078907 0.918595 0.782103 0.665893 0.566949 0.482708 0.410984 0.349917
1.953670 1.350162 0.933083 0.644844 0.445645 0.307981 0.212842 0.147093 0.101655 0.070252
1.025854 0.807395 0.635457 0.500134 0.393629 0.309804 0.243830 0.191906 0.151039 0.118874
0.501107 0.459342 0.421058 0.385965 0.353796 0.324309 0.297279 0.272502 0.249791 0.228972
1.260036 1.133152 1.019045 0.916429 0.824146 0.741156 0.666523 0.599405 0.539046 0.484765
1.097415 0.781049 0.555886 0.395634 0.281579 0.200405 0.142632 0.101513 0.072249 0.051421
0.691634 0.563547 0.459181 0.374143 0.304854 0.248397 0.202395 0.164913 0.134372 0.109487
